"@timestamp","process.executable","process.args",message,"kubernetes.namespace","kubernetes.labels.version","kubernetes.labels.app","event.type","event.dataset","event.category","event.action","process.name"
"2023-06-27 06:21:06","/usr/bin/runc","runc, --root, /var/run/docker/runtime-runc/moby, --log, /var/run/desktop-containerd/daemon/io.containerd.runtime.v2.task/moby/8d9918dec65e27ce6d755e62ffebe1b4929e62809021f3297880ae96b94a939e/log.json, --log-format, json, exec, --process, /tmp/runc-process3803769066, --detach, --pid-file, /var/run/desktop-containerd/daemon/io.containerd.runtime.v2.task/moby/8d9918dec65e27ce6d755e62ffebe1b4929e62809021f3297880ae96b94a939e/0f0fd5b811f2a2e146968bf86c95a0bf196cfd80d49a234e368822c278b24469.pid, 8d9918dec65e27ce6d755e62ffebe1b4929e62809021f3297880ae96b94a939e","ERROR for PID 2910: failed to get namespaces for /usr/bin/runc PID 2910: stat /proc/2910/ns/mnt: no such file or directory",default,v1,reviews,info,process,process,"process_error",runc
"2023-06-27 06:21:04","/usr/local/bin/nsexec","/usr/local/bin/nsexec, -n, /proc/37764/ns/net, --, ipset, save, -o, xml","Process nsexec (PID: 2113) by user root STARTED",default,v2,reviews,start,process,process,"process_started",nsexec
"2023-06-27 06:21:04","/usr/local/bin/nsexec","/usr/local/bin/nsexec, -n, /proc/37764/ns/net, --, iptables-save, -c","Process nsexec (PID: 1580) by user root STOPPED",default,v2,reviews,end,process,process,"process_stopped",nsexec
"2023-06-27 06:21:02","/usr/local/bin/envoy","/usr/local/bin/envoy, -c, etc/istio/proxy/envoy-rev.json, --drain-time-s, 45, --drain-strategy, immediate, --local-address-ip-version, v4, --file-flush-interval-msec, 1000, --disable-hot-restart, --allow-unknown-static-fields, --log-format, %Y-%m-%dT%T.%fZ	%l	envoy %n %g:%#	%v	thread=%t, -l, warning, --component-log-level, misc:error, --concurrency, 2","Process envoy (PID: 1307) STARTED",default,v3,reviews,start,process,process,"process_started",envoy
"2023-06-27 06:21:02","/usr/local/bin/envoy","/usr/local/bin/envoy, -c, etc/istio/proxy/envoy-rev.json, --drain-time-s, 45, --drain-strategy, immediate, --local-address-ip-version, v4, --file-flush-interval-msec, 1000, --disable-hot-restart, --allow-unknown-static-fields, --log-format, %Y-%m-%dT%T.%fZ	%l	envoy %n %g:%#	%v	thread=%t, -l, warning, --component-log-level, misc:error, --concurrency, 2","Process envoy (PID: 1386) STARTED",default,v3,reviews,start,process,process,"process_started",envoy
"2023-06-27 06:21:02","/usr/local/bin/envoy","/usr/local/bin/envoy, -c, etc/istio/proxy/envoy-rev.json, --drain-time-s, 45, --drain-strategy, immediate, --local-address-ip-version, v4, --file-flush-interval-msec, 1000, --disable-hot-restart, --allow-unknown-static-fields, --log-format, %Y-%m-%dT%T.%fZ	%l	envoy %n %g:%#	%v	thread=%t, -l, warning, --component-log-level, misc:error, --concurrency, 2","Process envoy (PID: 1366) STARTED",default,v3,reviews,start,process,process,"process_started",envoy
"2023-06-27 06:21:02","/usr/bin/bash","/bin/bash, /opt/ol/helpers/runtime/docker-server.sh, /opt/ol/wlp/bin/server, run, defaultServer","Process docker-server.s (PID: 554) by user auditbeat STOPPED",default,v3,reviews,end,process,process,"process_stopped","docker-server.s"
"2023-06-27 06:20:55","/usr/bin/runc","runc, --root, /var/run/docker/runtime-runc/moby, --log, /var/run/desktop-containerd/daemon/io.containerd.runtime.v2.task/moby/091a331a096137bd21fa6afbe5bb63dd6ddc2ce42693bf3866089b2d698878cd/log.json, --log-format, json, create, --bundle, /var/run/desktop-containerd/daemon/io.containerd.runtime.v2.task/moby/091a331a096137bd21fa6afbe5bb63dd6ddc2ce42693bf3866089b2d698878cd, --pid-file, /var/run/desktop-containerd/daemon/io.containerd.runtime.v2.task/moby/091a331a096137bd21fa6afbe5bb63dd6ddc2ce42693bf3866089b2d698878cd/init.pid, 091a331a096137bd21fa6afbe5bb63dd6ddc2ce42693bf3866089b2d698878cd","Process runc (PID: 99450) by user root STOPPED",default,v1,reviews,end,process,process,"process_stopped",runc
"2023-06-27 06:20:55","/usr/bin/runc","runc, --root, /var/run/docker/runtime-runc/moby, --log, /var/run/desktop-containerd/daemon/io.containerd.runtime.v2.task/moby/08ffc3f4f1772ebfb0b25db6290ae949710a7ef590cc0a266fe36e7ec9c8c2e4/log.json, --log-format, json, create, --bundle, /var/run/desktop-containerd/daemon/io.containerd.runtime.v2.task/moby/08ffc3f4f1772ebfb0b25db6290ae949710a7ef590cc0a266fe36e7ec9c8c2e4, --pid-file, /var/run/desktop-containerd/daemon/io.containerd.runtime.v2.task/moby/08ffc3f4f1772ebfb0b25db6290ae949710a7ef590cc0a266fe36e7ec9c8c2e4/init.pid, 08ffc3f4f1772ebfb0b25db6290ae949710a7ef590cc0a266fe36e7ec9c8c2e4","Process runc (PID: 99344) by user root STOPPED",default,v1,reviews,end,process,process,"process_stopped",runc
"2023-06-27 06:20:55","/usr/bin/dockerd","libnetwork-setkey, -exec-root=/var/run/docker, 091a331a096137bd21fa6afbe5bb63dd6ddc2ce42693bf3866089b2d698878cd, bffd31080bab","Process exe (PID: 99492) by user root STOPPED",default,v1,reviews,end,process,process,"process_stopped",exe
"2023-06-27 06:20:54","/usr/bin/dockerd","libnetwork-setkey, -exec-root=/var/run/docker, 091a331a096137bd21fa6afbe5bb63dd6ddc2ce42693bf3866089b2d698878cd, bffd31080bab","Process exe (PID: 99492) by user root STARTED",default,v1,reviews,start,process,process,"process_started",exe
"2023-06-27 06:20:54","/","runc, init","Process runc:[2:INIT] (PID: 99475) by user root STARTED",default,v1,reviews,start,process,process,"process_started","runc:[2:INIT]"
"2023-06-27 06:20:54","/pause","/pause","Process pause (PID: 99302) STARTED",default,v1,reviews,start,process,process,"process_started",pause
"2023-06-27 06:20:54","/usr/bin/runc","runc, --root, /var/run/docker/runtime-runc/moby, --log, /var/run/desktop-containerd/daemon/io.containerd.runtime.v2.task/moby/d816d33f6f1d5a83181a440257ef076d4609e5f462fe83ee2ffb4e042e986668/log.json, --log-format, json, create, --bundle, /var/run/desktop-containerd/daemon/io.containerd.runtime.v2.task/moby/d816d33f6f1d5a83181a440257ef076d4609e5f462fe83ee2ffb4e042e986668, --pid-file, /var/run/desktop-containerd/daemon/io.containerd.runtime.v2.task/moby/d816d33f6f1d5a83181a440257ef076d4609e5f462fe83ee2ffb4e042e986668/init.pid, d816d33f6f1d5a83181a440257ef076d4609e5f462fe83ee2ffb4e042e986668","ERROR for PID 99347: failed to get namespaces for /usr/bin/runc PID 99347: stat /proc/99347/ns/mnt: no such file or directory",default,v1,reviews,info,process,process,"process_error",runc
"2023-06-27 06:20:54","/usr/bin/containerd-shim-runc-v2","/usr/bin/containerd-shim-runc-v2, -namespace, moby, -id, 08ffc3f4f1772ebfb0b25db6290ae949710a7ef590cc0a266fe36e7ec9c8c2e4, -address, /var/run/desktop-containerd/containerd.sock","Process containerd-shim (PID: 99324) by user root STARTED",default,v1,reviews,start,process,process,"process_started","containerd-shim"
"2023-06-27 06:20:54","/usr/bin/containerd-shim-runc-v2","/usr/bin/containerd-shim-runc-v2, -namespace, moby, -id, d816d33f6f1d5a83181a440257ef076d4609e5f462fe83ee2ffb4e042e986668, -address, /var/run/desktop-containerd/containerd.sock","Process containerd-shim (PID: 99327) by user root STARTED",default,v1,reviews,start,process,process,"process_started","containerd-shim"
"2023-06-27 06:20:54","/","runc, init","Process runc:[2:INIT] (PID: 99395) STARTED",default,v1,reviews,start,process,process,"process_started","runc:[2:INIT]"
"2023-06-27 06:20:54","/usr/bin/runc","runc, --root, /var/run/docker/runtime-runc/moby, --log, /var/run/desktop-containerd/daemon/io.containerd.runtime.v2.task/moby/08ffc3f4f1772ebfb0b25db6290ae949710a7ef590cc0a266fe36e7ec9c8c2e4/log.json, --log-format, json, create, --bundle, /var/run/desktop-containerd/daemon/io.containerd.runtime.v2.task/moby/08ffc3f4f1772ebfb0b25db6290ae949710a7ef590cc0a266fe36e7ec9c8c2e4, --pid-file, /var/run/desktop-containerd/daemon/io.containerd.runtime.v2.task/moby/08ffc3f4f1772ebfb0b25db6290ae949710a7ef590cc0a266fe36e7ec9c8c2e4/init.pid, 08ffc3f4f1772ebfb0b25db6290ae949710a7ef590cc0a266fe36e7ec9c8c2e4","Process runc (PID: 99344) by user root STARTED",default,v1,reviews,start,process,process,"process_started",runc
"2023-06-27 06:20:54","/usr/bin/runc","runc, --root, /var/run/docker/runtime-runc/moby, --log, /var/run/desktop-containerd/daemon/io.containerd.runtime.v2.task/moby/091a331a096137bd21fa6afbe5bb63dd6ddc2ce42693bf3866089b2d698878cd/log.json, --log-format, json, create, --bundle, /var/run/desktop-containerd/daemon/io.containerd.runtime.v2.task/moby/091a331a096137bd21fa6afbe5bb63dd6ddc2ce42693bf3866089b2d698878cd, --pid-file, /var/run/desktop-containerd/daemon/io.containerd.runtime.v2.task/moby/091a331a096137bd21fa6afbe5bb63dd6ddc2ce42693bf3866089b2d698878cd/init.pid, 091a331a096137bd21fa6afbe5bb63dd6ddc2ce42693bf3866089b2d698878cd","Process runc (PID: 99450) by user root STARTED",default,v1,reviews,start,process,process,"process_started",runc
"2023-06-27 06:20:54","/","runc, init","Process runc:[2:INIT] (PID: 99388) STARTED",default,v1,reviews,start,process,process,"process_started","runc:[2:INIT]"
"2023-06-27 06:20:54","/usr/bin/containerd-shim-runc-v2","/usr/bin/containerd-shim-runc-v2, -namespace, moby, -id, 091a331a096137bd21fa6afbe5bb63dd6ddc2ce42693bf3866089b2d698878cd, -address, /var/run/desktop-containerd/containerd.sock","Process containerd-shim (PID: 99440) by user root STARTED",default,v1,reviews,start,process,process,"process_started","containerd-shim"
"2023-06-27 06:20:54","/usr/bin/runc","runc, --root, /var/run/docker/runtime-runc/moby, --log, /var/run/desktop-containerd/daemon/io.containerd.runtime.v2.task/moby/3e7939bbce1f722c55110be81ee3b139eb3610b9688045d0c49ab50d4726d9c3/log.json, --log-format, json, create, --bundle, /var/run/desktop-containerd/daemon/io.containerd.runtime.v2.task/moby/3e7939bbce1f722c55110be81ee3b139eb3610b9688045d0c49ab50d4726d9c3, --pid-file, /var/run/desktop-containerd/daemon/io.containerd.runtime.v2.task/moby/3e7939bbce1f722c55110be81ee3b139eb3610b9688045d0c49ab50d4726d9c3/init.pid, 3e7939bbce1f722c55110be81ee3b139eb3610b9688045d0c49ab50d4726d9c3","Process runc (PID: 99273) by user root STOPPED",default,v1,reviews,end,process,process,"process_stopped",runc
"2023-06-27 06:20:30","/usr/bin/containerd-shim-runc-v2","/usr/bin/containerd-shim-runc-v2, -namespace, moby, -id, 7e93347964c3e15c5a2b982ca9ab2412281f72a957ee1444fc2c4e7905650890, -address, /var/run/desktop-containerd/containerd.sock","Process containerd-shim (PID: 93796) by user root STARTED",default,v2,reviews,start,process,process,"process_started","containerd-shim"
"2023-06-27 06:20:30","/usr/bin/bash","/bin/bash, /opt/ol/helpers/runtime/docker-server.sh, /opt/ol/wlp/bin/server, run, defaultServer","Process docker-server.s (PID: 88518) by user auditbeat STOPPED",default,v2,reviews,end,process,process,"process_stopped","docker-server.s"
"2023-06-27 06:20:30","/usr/local/bin/nsexec","/usr/local/bin/nsexec, -n, /proc/88536/ns/net, --, ipset, save, -o, xml","Process nsexec (PID: 93608) by user root STOPPED",default,v2,reviews,end,process,process,"process_stopped",nsexec
"2023-06-27 06:20:30","/usr/bin/containerd-shim-runc-v2","/usr/bin/containerd-shim-runc-v2, -namespace, moby, -id, 1ac2af1cfb5cfcd92d0b94e613294cdaf1691942932d4682d8f1add5e16d5d18, -address, /var/run/desktop-containerd/containerd.sock","Process containerd-shim (PID: 88514) by user root STOPPED",default,v2,reviews,end,process,process,"process_stopped","containerd-shim"
"2023-06-27 06:20:30","/","runc, init","Process runc:[2:INIT] (PID: 87089) by user root STOPPED",default,v2,reviews,end,process,process,"process_stopped","runc:[2:INIT]"
"2023-06-27 06:20:30","/usr/bin/containerd-shim-runc-v2","/usr/bin/containerd-shim-runc-v2, -namespace, moby, -id, f41bb8474611eabfdf4e4a9e1221ecd591b7596caca8fe1d9f0a0126f1a6bea8, -address, /var/run/desktop-containerd/containerd.sock","Process containerd-shim (PID: 88464) by user root STOPPED",default,v2,reviews,end,process,process,"process_stopped","containerd-shim"
"2023-06-27 06:20:30","/usr/local/bin/nsexec","/usr/local/bin/nsexec, -n, /proc/10996/ns/net, --, iptables-save, -c","Process nsexec (PID: 93612) by user root STOPPED",default,v2,reviews,end,process,process,"process_stopped",nsexec
"2023-06-27 06:20:30","/usr/bin/bash","/bin/bash, /opt/ol/helpers/runtime/docker-server.sh, /opt/ol/wlp/bin/server, run, defaultServer","Process docker-server.s (PID: 88536) by user auditbeat STOPPED",default,v2,reviews,end,process,process,"process_stopped","docker-server.s"
"2023-06-27 06:20:30","/usr/bin/containerd-shim-runc-v2","/usr/bin/containerd-shim-runc-v2, -namespace, moby, -id, 98720a0bc7a3414db21659f5329376470a440413366cde86f7eb9f5b48164a29, -address, /var/run/desktop-containerd/containerd.sock","Process containerd-shim (PID: 88487) by user root STOPPED",default,v2,reviews,end,process,process,"process_stopped","containerd-shim"
"2023-06-27 06:20:30","/usr/sbin/xtables-legacy-multi","iptables-save, -c","Process iptables-save (PID: 93610) by user root STOPPED",default,v2,reviews,end,process,process,"process_stopped","iptables-save"
"2023-06-27 06:20:30","/usr/bin/bash","-","Process runc:[2:INIT] (PID: 88558) by user auditbeat STOPPED",default,v2,reviews,end,process,process,"process_stopped","runc:[2:INIT]"
"2023-06-27 06:20:30","/usr/local/bin/nsexec","/usr/local/bin/nsexec, -n, /proc/3299/ns/net, --, iptables-save, -c","Process nsexec (PID: 93609) by user root STOPPED",default,v2,reviews,end,process,process,"process_stopped",nsexec
"2023-06-27 06:20:30","/sbin/ipset","ipset, save, -o, xml","Process ipset (PID: 93624) by user root STOPPED",default,v2,reviews,end,process,process,"process_stopped",ipset
"2023-06-27 06:20:29","/usr/local/bin/nsexec","/usr/local/bin/nsexec, -n, /proc/10996/ns/net, --, iptables-save, -c","Process nsexec (PID: 93612) by user root STARTED",default,v2,reviews,start,process,process,"process_started",nsexec
"2023-06-27 06:20:29","/sbin/ipset","ipset, save, -o, xml","Process ipset (PID: 93624) by user root STARTED",default,v2,reviews,start,process,process,"process_started",ipset
"2023-06-27 06:20:29","/usr/local/bin/nsexec","/usr/local/bin/nsexec, -n, /proc/88536/ns/net, --, ipset, save, -o, xml","Process nsexec (PID: 93608) by user root STARTED",default,v2,reviews,start,process,process,"process_started",nsexec
"2023-06-27 06:20:29","/usr/local/bin/nsexec","/usr/local/bin/nsexec, -n, /proc/3299/ns/net, --, iptables-save, -c","Process nsexec (PID: 93609) by user root STARTED",default,v2,reviews,start,process,process,"process_started",nsexec
"2023-06-27 06:20:29","/usr/sbin/xtables-legacy-multi","iptables-save, -c","Process iptables-save (PID: 93610) by user root STARTED",default,v2,reviews,start,process,process,"process_started","iptables-save"
"2023-06-27 06:20:29","/usr/local/bin/nsexec","/usr/local/bin/nsexec, -n, /proc/4744/ns/net, --, ipset, save, -o, xml","Process nsexec (PID: 93587) by user root STOPPED",default,v2,reviews,end,process,process,"process_stopped",nsexec
"2023-06-27 06:20:29","/usr/local/bin/chaos-daemon","/usr/local/bin/chaos-daemon, --runtime, docker, --http-port, 31766, --grpc-port, 31767, --pprof, --runtime-socket-path, /host-run/docker.sock","Process chaos-daemon (PID: 93588) by user root STOPPED",default,v2,reviews,end,process,process,"process_stopped","chaos-daemon"
"2023-06-27 06:20:28","/usr/local/bin/nsexec","/usr/local/bin/nsexec, -n, /proc/4744/ns/net, --, ipset, save, -o, xml","Process nsexec (PID: 93587) by user root STARTED",default,v2,reviews,start,process,process,"process_started",nsexec
"2023-06-27 06:20:28","/usr/local/bin/chaos-daemon","/usr/local/bin/chaos-daemon, --runtime, docker, --http-port, 31766, --grpc-port, 31767, --pprof, --runtime-socket-path, /host-run/docker.sock","Process chaos-daemon (PID: 93588) by user root STARTED",default,v2,reviews,start,process,process,"process_started","chaos-daemon"
"2023-06-27 06:20:26","/usr/local/bin/nsexec","-","Process nsexec (PID: 93466) by user root STOPPED",default,v2,reviews,end,process,process,"process_stopped",nsexec
"2023-06-27 06:20:26","/usr/local/bin/nsexec","/usr/local/bin/nsexec, -n, /proc/8647/ns/net, --, ipset, save, -o, xml","Process nsexec (PID: 93463) by user root STOPPED",default,v2,reviews,end,process,process,"process_stopped",nsexec
"2023-06-27 06:20:25","/usr/local/bin/nsexec","-","Process nsexec (PID: 93466) by user root STARTED",default,v2,reviews,start,process,process,"process_started",nsexec
"2023-06-27 06:20:25","/usr/local/bin/nsexec","/usr/local/bin/nsexec, -n, /proc/8647/ns/net, --, ipset, save, -o, xml","Process nsexec (PID: 93463) by user root STARTED",default,v2,reviews,start,process,process,"process_started",nsexec
"2023-06-27 06:20:20","/sbin/ipset","ipset, save, -o, xml","Process ipset (PID: 92734) by user root STARTED",default,v1,reviews,start,process,process,"process_started",ipset
"2023-06-27 06:20:19","/usr/local/bin/nsexec","/usr/local/bin/nsexec, -n, /proc/37780/ns/net, --, ipset, save, -o, xml","Process nsexec (PID: 92427) by user root STARTED",default,v1,reviews,start,process,process,"process_started",nsexec
"2023-06-27 06:20:19","/usr/local/bin/nsexec","/usr/local/bin/nsexec, -n, /proc/9563/ns/net, --, ipset, save, -o, xml","Process nsexec (PID: 91871) by user root STOPPED",default,v1,reviews,end,process,process,"process_stopped",nsexec
"2023-06-27 06:20:13","/kube-vpnkit-forwarder","/kube-vpnkit-forwarder, -path, /run/host-services/backend.sock","Process kube-vpnkit-for (PID: 97585) by user root STOPPED",default,v1,ratings,end,process,process,"process_stopped","kube-vpnkit-for"
"2023-06-27 06:20:04","/usr/sbin/xtables-legacy-multi","iptables-save, -t, nat","Process iptables-save (PID: 90072) by user root STARTED",default,v2,reviews,start,process,process,"process_started","iptables-save"
"2023-06-27 06:20:04","/usr/local/bin/nsexec","/usr/local/bin/nsexec, -n, /proc/14427/ns/net, --, iptables-save, -c","ERROR for PID 90059: failed to get namespaces for /usr/local/bin/nsexec PID 90059: stat /proc/90059/ns/mnt: no such file or directory",default,v2,reviews,info,process,process,"process_error",nsexec
"2023-06-27 06:20:04","/usr/local/bin/nsexec","/usr/local/bin/nsexec, -n, /proc/99397/ns/net, --, tc, qdisc","Process nsexec (PID: 89478) by user root STOPPED",default,v2,reviews,end,process,process,"process_stopped",nsexec
"2023-06-27 06:20:03","/usr/local/bin/nsexec","/usr/local/bin/nsexec, -n, /proc/99397/ns/net, --, tc, qdisc","Process nsexec (PID: 89478) by user root STARTED",default,v2,reviews,start,process,process,"process_started",nsexec
"2023-06-27 06:19:59","/usr/local/bin/nsexec","/usr/local/bin/nsexec, -n, /proc/37780/ns/net, --, iptables-save, -c","Process nsexec (PID: 88825) by user root STOPPED",default,v2,reviews,end,process,process,"process_stopped",nsexec
"2023-06-27 06:19:59","/usr/bin/containerd-shim-runc-v2","/usr/bin/containerd-shim-runc-v2, -namespace, moby, -id, b1ec7deb93ec580d6ca06ae3a5affe3f8d137b7268e2924e3dc102c404852fa0, -address, /var/run/desktop-containerd/containerd.sock","Process containerd-shim (PID: 87040) by user root STOPPED",default,v2,reviews,end,process,process,"process_stopped","containerd-shim"
"2023-06-27 06:19:58","/usr/local/bin/pilot-agent","/usr/local/bin/pilot-agent, proxy, sidecar, --domain, default.svc.cluster.local, --proxyLogLevel=warning, --proxyComponentLogLevel=misc:error, --log_output_level=default:info, --concurrency, 2","Process pilot-agent (PID: 88732) STARTED",default,v2,reviews,start,process,process,"process_started","pilot-agent"
"2023-06-27 06:19:58","/usr/bin/containerd-shim-runc-v2","/usr/bin/containerd-shim-runc-v2, -namespace, moby, -id, 082c189aadc25dd99591bb6247e4a03264846e8406525699f53314489cc13d03, -address, /var/run/desktop-containerd/containerd.sock","Process containerd-shim (PID: 88684) by user root STARTED",default,v2,reviews,start,process,process,"process_started","containerd-shim"
"2023-06-27 06:19:58","/usr/local/bin/nsexec","/usr/local/bin/nsexec, -n, /proc/37780/ns/net, --, iptables-save, -c","Process nsexec (PID: 88825) by user root STARTED",default,v2,reviews,start,process,process,"process_started",nsexec
"2023-06-27 06:19:58","/usr/bin/containerd-shim-runc-v2","/usr/bin/containerd-shim-runc-v2, -namespace, moby, -id, bec3a5e34e97d2fbdfb87f7911f69d4008c94418e09f449f81f893c0d22663e8, -address, /var/run/desktop-containerd/containerd.sock","Process containerd-shim (PID: 88590) by user root STARTED",default,v2,reviews,start,process,process,"process_started","containerd-shim"
"2023-06-27 06:19:58","/usr/local/bin/pilot-agent","/usr/local/bin/pilot-agent, proxy, sidecar, --domain, default.svc.cluster.local, --proxyLogLevel=warning, --proxyComponentLogLevel=misc:error, --log_output_level=default:info, --concurrency, 2","Process pilot-agent (PID: 88674) STARTED",default,v2,reviews,start,process,process,"process_started","pilot-agent"
"2023-06-27 06:19:58","/usr/bin/containerd-shim-runc-v2","/usr/bin/containerd-shim-runc-v2, -namespace, moby, -id, d542d66ba573def9917b3ce791eb2bde2e5d7aa5803d9f6ce0635d562eb5177f, -address, /var/run/desktop-containerd/containerd.sock","Process containerd-shim (PID: 88612) by user root STARTED",default,v2,reviews,start,process,process,"process_started","containerd-shim"
"2023-06-27 06:19:58","/usr/local/bin/pilot-agent","/usr/local/bin/pilot-agent, proxy, sidecar, --domain, default.svc.cluster.local, --proxyLogLevel=warning, --proxyComponentLogLevel=misc:error, --log_output_level=default:info, --concurrency, 2","Process pilot-agent (PID: 88673) STARTED",default,v2,reviews,start,process,process,"process_started","pilot-agent"
"2023-06-27 06:19:58","/","runc, init","Process runc:[2:INIT] (PID: 87103) by user root STOPPED",default,v2,reviews,end,process,process,"process_stopped","runc:[2:INIT]"
"2023-06-27 06:19:57","/usr/bin/containerd-shim-runc-v2","/usr/bin/containerd-shim-runc-v2, -namespace, moby, -id, 98720a0bc7a3414db21659f5329376470a440413366cde86f7eb9f5b48164a29, -address, /var/run/desktop-containerd/containerd.sock","Process containerd-shim (PID: 88487) by user root STARTED",default,v2,reviews,start,process,process,"process_started","containerd-shim"
"2023-06-27 06:19:57","/usr/bin/containerd-shim-runc-v2","/usr/bin/containerd-shim-runc-v2, -namespace, moby, -id, 1ac2af1cfb5cfcd92d0b94e613294cdaf1691942932d4682d8f1add5e16d5d18, -address, /var/run/desktop-containerd/containerd.sock","Process containerd-shim (PID: 88514) by user root STARTED",default,v2,reviews,start,process,process,"process_started","containerd-shim"
"2023-06-27 06:19:57","/usr/bin/containerd-shim-runc-v2","/usr/bin/containerd-shim-runc-v2, -namespace, moby, -id, f41bb8474611eabfdf4e4a9e1221ecd591b7596caca8fe1d9f0a0126f1a6bea8, -address, /var/run/desktop-containerd/containerd.sock","Process containerd-shim (PID: 88464) by user root STARTED",default,v2,reviews,start,process,process,"process_started","containerd-shim"
"2023-06-27 06:19:57","/usr/bin/bash","/bin/bash, /opt/ol/helpers/runtime/docker-server.sh, /opt/ol/wlp/bin/server, run, defaultServer","Process docker-server.s (PID: 88518) by user auditbeat STARTED",default,v2,reviews,start,process,process,"process_started","docker-server.s"
"2023-06-27 06:19:57","/usr/bin/bash","-","Process runc:[2:INIT] (PID: 88558) by user auditbeat STARTED",default,v2,reviews,start,process,process,"process_started","runc:[2:INIT]"
"2023-06-27 06:19:57","/usr/bin/bash","/bin/bash, /opt/ol/helpers/runtime/docker-server.sh, /opt/ol/wlp/bin/server, run, defaultServer","Process docker-server.s (PID: 88536) by user auditbeat STARTED",default,v2,reviews,start,process,process,"process_started","docker-server.s"
"2023-06-27 06:19:54","/usr/bin/containerd-shim-runc-v2","/usr/bin/containerd-shim-runc-v2, -namespace, moby, -id, 1946af0d8f7351dac3f7d00c9c754d5d5b62b3702384bca264225c1c6f91d97a, -address, /var/run/desktop-containerd/containerd.sock","Process containerd-shim (PID: 87577) by user root STOPPED",default,v2,reviews,end,process,process,"process_stopped","containerd-shim"
"2023-06-27 06:19:54","/usr/bin/containerd-shim-runc-v2","/usr/bin/containerd-shim-runc-v2, -namespace, moby, -id, ec62d3973ec02fa65a2e13fcd68d58695a4e4acb1d31298f8851e348a6a04a97, -address, /var/run/desktop-containerd/containerd.sock","Process containerd-shim (PID: 87296) by user root STOPPED",default,v2,reviews,end,process,process,"process_stopped","containerd-shim"
"2023-06-27 06:19:54","/usr/local/bin/pilot-agent","/usr/local/bin/pilot-agent, istio-iptables, -p, 15001, -z, 15006, -u, 1337, -m, REDIRECT, -i, *, -x, (empty), -b, *, -d, 15090,15021,15020, --log_output_level=default:info","Process pilot-agent (PID: 87556) by user root STOPPED",default,v2,reviews,end,process,process,"process_stopped","pilot-agent"
"2023-06-27 06:19:54","/usr/bin/containerd-shim-runc-v2","/usr/bin/containerd-shim-runc-v2, -namespace, moby, -id, 496ee491a4f8d90effedad00ab695927949576308271cbd0b91d5151a9c6630a, -address, /var/run/desktop-containerd/containerd.sock","Process containerd-shim (PID: 87527) by user root STOPPED",default,v2,reviews,end,process,process,"process_stopped","containerd-shim"
"2023-06-27 06:19:28","/usr/bin/containerd-shim-runc-v2","/usr/bin/containerd-shim-runc-v2, -namespace, moby, -id, a1e253a0a1a9f085e3f7d9a7d8c2803fb9f14b9e815aabda2efccd8bba2fd522, -address, /var/run/desktop-containerd/containerd.sock","Process containerd-shim (PID: 74829) by user root STOPPED",default,v2,reviews,end,process,process,"process_stopped","containerd-shim"
"2023-06-27 06:19:28","/","runc, init","Process runc:[2:INIT] (PID: 74872) by user root STOPPED",default,v2,reviews,end,process,process,"process_stopped","runc:[2:INIT]"
"2023-06-27 06:19:28","/usr/bin/containerd-shim-runc-v2","/usr/bin/containerd-shim-runc-v2, -namespace, moby, -id, a8a90e54b6139ae38caf6042fea04fa5bc46e79f2449bf12a9e7e263b3671c57, -address, /var/run/desktop-containerd/containerd.sock","Process containerd-shim (PID: 76349) by user root STOPPED",default,v2,reviews,end,process,process,"process_stopped","containerd-shim"
"2023-06-27 06:19:27","/usr/bin/bash","/bin/bash, /opt/ol/helpers/runtime/docker-server.sh, /opt/ol/wlp/bin/server, run, defaultServer","Process docker-server.s (PID: 76396) by user auditbeat STOPPED",default,v2,reviews,end,process,process,"process_stopped","docker-server.s"
"2023-06-27 06:19:25","/usr/bin/dash","/bin/sh, /opt/ol/wlp/bin/server, run, defaultServer","Process server (PID: 76090) by user auditbeat STOPPED",default,v2,reviews,end,process,process,"process_stopped",server
"2023-06-27 06:19:25","/","runc, init","Process runc:[2:INIT] (PID: 74902) by user root STOPPED",default,v2,reviews,end,process,process,"process_stopped","runc:[2:INIT]"
"2023-06-27 06:19:25","/usr/bin/containerd-shim-runc-v2","/usr/bin/containerd-shim-runc-v2, -namespace, moby, -id, 194f87588951304a877794397855ba85810fb0587b02d46cad29eba8fe45ba42, -address, /var/run/desktop-containerd/containerd.sock","Process containerd-shim (PID: 76056) by user root STOPPED",default,v2,reviews,end,process,process,"process_stopped","containerd-shim"
"2023-06-27 06:19:25","/usr/bin/containerd-shim-runc-v2","/usr/bin/containerd-shim-runc-v2, -namespace, moby, -id, 6d7de96cf8426f84ac09bb9380bbd94f2bffb0fa3d9c7e19ce2f9afd45aa8b2d, -address, /var/run/desktop-containerd/containerd.sock","Process containerd-shim (PID: 74859) by user root STOPPED",default,v2,reviews,end,process,process,"process_stopped","containerd-shim"
"2023-06-27 06:18:58","/usr/local/bin/nsexec","/usr/local/bin/nsexec, -n, /proc/76510/ns/net, --, iptables-save, -c","Process nsexec (PID: 76817) by user root STARTED",default,v2,reviews,start,process,process,"process_started",nsexec
"2023-06-27 06:18:58","/usr/sbin/xtables-legacy-multi","iptables-save, -c","Process iptables-save (PID: 76826) by user root STARTED",default,v2,reviews,start,process,process,"process_started","iptables-save"
"2023-06-27 06:18:58","/usr/bin/containerd-shim-runc-v2","/usr/bin/containerd-shim-runc-v2, -namespace, moby, -id, 896410e6b48a8aad20c689d8b41b78f03d0df166115ba20a72be3bc3b0eefe78, -address, /var/run/desktop-containerd/containerd.sock","Process containerd-shim (PID: 76297) by user root STOPPED",default,v2,reviews,end,process,process,"process_stopped","containerd-shim"
"2023-06-27 06:18:58","/usr/bin/dash","/bin/sh, /opt/ol/wlp/bin/server, run, defaultServer","Process server (PID: 76328) by user auditbeat STOPPED",default,v2,reviews,end,process,process,"process_stopped",server
"2023-06-27 06:18:57","/usr/local/bin/envoy","/usr/local/bin/envoy, -c, etc/istio/proxy/envoy-rev.json, --drain-time-s, 45, --drain-strategy, immediate, --local-address-ip-version, v4, --file-flush-interval-msec, 1000, --disable-hot-restart, --allow-unknown-static-fields, --log-format, %Y-%m-%dT%T.%fZ	%l	envoy %n %g:%#	%v	thread=%t, -l, warning, --component-log-level, misc:error, --concurrency, 2","Process envoy (PID: 76749) STARTED",default,v2,reviews,start,process,process,"process_started",envoy
"2023-06-27 06:18:57","/usr/local/bin/envoy","/usr/local/bin/envoy, -c, etc/istio/proxy/envoy-rev.json, --drain-time-s, 45, --drain-strategy, immediate, --local-address-ip-version, v4, --file-flush-interval-msec, 1000, --disable-hot-restart, --allow-unknown-static-fields, --log-format, %Y-%m-%dT%T.%fZ	%l	envoy %n %g:%#	%v	thread=%t, -l, warning, --component-log-level, misc:error, --concurrency, 2","Process envoy (PID: 76743) STARTED",default,v2,reviews,start,process,process,"process_started",envoy
"2023-06-27 06:18:56","/usr/bin/containerd-shim-runc-v2","/usr/bin/containerd-shim-runc-v2, -namespace, moby, -id, 354ff8c53c9ca0454a3de6339b8da985b51d8469b421e9b98cc2a4b660c3b193, -address, /var/run/desktop-containerd/containerd.sock","Process containerd-shim (PID: 76478) by user root STARTED",default,v2,reviews,start,process,process,"process_started","containerd-shim"
"2023-06-27 06:18:56","/usr/local/bin/pilot-agent","/usr/local/bin/pilot-agent, proxy, sidecar, --domain, default.svc.cluster.local, --proxyLogLevel=warning, --proxyComponentLogLevel=misc:error, --log_output_level=default:info, --concurrency, 2","Process pilot-agent (PID: 76510) STARTED",default,v2,reviews,start,process,process,"process_started","pilot-agent"
"2023-06-27 06:18:56","/usr/local/bin/pilot-agent","/usr/local/bin/pilot-agent, proxy, sidecar, --domain, default.svc.cluster.local, --proxyLogLevel=warning, --proxyComponentLogLevel=misc:error, --log_output_level=default:info, --concurrency, 2","Process pilot-agent (PID: 76489) STARTED",default,v2,reviews,start,process,process,"process_started","pilot-agent"
"2023-06-27 06:18:56","/usr/bin/containerd-shim-runc-v2","/usr/bin/containerd-shim-runc-v2, -namespace, moby, -id, 1bf157ce9ffa8efe9ed3c4cff0f9275498c0f25302770f50d05184350b02af4f, -address, /var/run/desktop-containerd/containerd.sock","Process containerd-shim (PID: 75166) by user root STOPPED",default,v2,reviews,end,process,process,"process_stopped","containerd-shim"
"2023-06-27 06:18:56","/usr/bin/runc","runc, --root, /var/run/docker/runtime-runc/moby, --log, /var/run/desktop-containerd/daemon/io.containerd.runtime.v2.task/moby/01a489d07ed088cfb45623df9aa122bdfd65691b2ae651a41cac4b1aa22ef764/log.json, --log-format, json, create, --bundle, /var/run/desktop-containerd/daemon/io.containerd.runtime.v2.task/moby/01a489d07ed088cfb45623df9aa122bdfd65691b2ae651a41cac4b1aa22ef764, --pid-file, /var/run/desktop-containerd/daemon/io.containerd.runtime.v2.task/moby/01a489d07ed088cfb45623df9aa122bdfd65691b2ae651a41cac4b1aa22ef764/init.pid, 01a489d07ed088cfb45623df9aa122bdfd65691b2ae651a41cac4b1aa22ef764","Process runc (PID: 76449) by user root STOPPED",default,v2,reviews,end,process,process,"process_stopped",runc
"2023-06-27 06:18:56","/","runc, init","Process runc:[2:INIT] (PID: 75364) by user root STOPPED",default,v2,reviews,end,process,process,"process_stopped","runc:[2:INIT]"
"2023-06-27 06:18:55","/usr/bin/bash","/bin/bash, /opt/ol/helpers/runtime/docker-server.sh, /opt/ol/wlp/bin/server, run, defaultServer","Process docker-server.s (PID: 76396) by user auditbeat STARTED",default,v2,reviews,start,process,process,"process_started","docker-server.s"
"2023-06-27 06:18:55","/usr/bin/dash","/bin/sh, /opt/ol/wlp/bin/server, run, defaultServer","Process server (PID: 76328) by user auditbeat STARTED",default,v2,reviews,start,process,process,"process_started",server
"2023-06-27 06:18:55","/usr/bin/containerd-shim-runc-v2","/usr/bin/containerd-shim-runc-v2, -namespace, moby, -id, 896410e6b48a8aad20c689d8b41b78f03d0df166115ba20a72be3bc3b0eefe78, -address, /var/run/desktop-containerd/containerd.sock","Process containerd-shim (PID: 76297) by user root STARTED",default,v2,reviews,start,process,process,"process_started","containerd-shim"
"2023-06-27 06:18:55","/usr/bin/containerd-shim-runc-v2","/usr/bin/containerd-shim-runc-v2, -namespace, moby, -id, 01a489d07ed088cfb45623df9aa122bdfd65691b2ae651a41cac4b1aa22ef764, -address, /var/run/desktop-containerd/containerd.sock","Process containerd-shim (PID: 76427) by user root STARTED",default,v2,reviews,start,process,process,"process_started","containerd-shim"
"2023-06-27 06:18:55","/usr/bin/containerd-shim-runc-v2","/usr/bin/containerd-shim-runc-v2, -namespace, moby, -id, a8a90e54b6139ae38caf6042fea04fa5bc46e79f2449bf12a9e7e263b3671c57, -address, /var/run/desktop-containerd/containerd.sock","Process containerd-shim (PID: 76349) by user root STARTED",default,v2,reviews,start,process,process,"process_started","containerd-shim"
"2023-06-27 06:18:55","/usr/bin/runc","runc, --root, /var/run/docker/runtime-runc/moby, --log, /var/run/desktop-containerd/daemon/io.containerd.runtime.v2.task/moby/01a489d07ed088cfb45623df9aa122bdfd65691b2ae651a41cac4b1aa22ef764/log.json, --log-format, json, create, --bundle, /var/run/desktop-containerd/daemon/io.containerd.runtime.v2.task/moby/01a489d07ed088cfb45623df9aa122bdfd65691b2ae651a41cac4b1aa22ef764, --pid-file, /var/run/desktop-containerd/daemon/io.containerd.runtime.v2.task/moby/01a489d07ed088cfb45623df9aa122bdfd65691b2ae651a41cac4b1aa22ef764/init.pid, 01a489d07ed088cfb45623df9aa122bdfd65691b2ae651a41cac4b1aa22ef764","Process runc (PID: 76449) by user root STARTED",default,v2,reviews,start,process,process,"process_started",runc
"2023-06-27 06:18:55","/usr/sbin/xtables-legacy-multi","iptables-save, -t, nat","ERROR for PID 76450: failed to get namespaces for /usr/sbin/xtables-legacy-multi PID 76450: stat /proc/76450/ns/mnt: no such file or directory",default,v2,reviews,info,process,process,"process_error","iptables-save"
"2023-06-27 06:18:55","/usr/local/bin/pilot-agent","/usr/local/bin/pilot-agent, istio-iptables, -p, 15001, -z, 15006, -u, 1337, -m, REDIRECT, -i, *, -x, (empty), -b, *, -d, 15090,15021,15020, --log_output_level=default:info","Process pilot-agent (PID: 76082) by user root STOPPED",default,v2,reviews,end,process,process,"process_stopped","pilot-agent"
"2023-06-27 06:18:55","/usr/bin/containerd-shim-runc-v2","/usr/bin/containerd-shim-runc-v2, -namespace, moby, -id, 2a087f15f91c3985977ecec4c6bc52cc57cd4e53390717e22c88a865e57b7dba, -address, /var/run/desktop-containerd/containerd.sock","Process containerd-shim (PID: 76029) by user root STOPPED",default,v2,reviews,end,process,process,"process_stopped","containerd-shim"
"2023-06-27 06:18:54","/usr/bin/containerd-shim-runc-v2","/usr/bin/containerd-shim-runc-v2, -namespace, moby, -id, 5b37114697a90476eb4f6c42f0bd9c2d8ee4f2250d8ab15f17c306e2772c0c7d, -address, /var/run/desktop-containerd/containerd.sock","ERROR for PID 76155: failed to get namespaces for /usr/bin/containerd-shim-runc-v2 PID 76155: stat /proc/76155/ns/mnt: no such file or directory",default,v2,reviews,info,process,process,"process_error","containerd-shim"
"2023-06-27 06:18:54","/usr/local/bin/pilot-agent","/usr/local/bin/pilot-agent, istio-iptables, -p, 15001, -z, 15006, -u, 1337, -m, REDIRECT, -i, *, -x, (empty), -b, *, -d, 15090,15021,15020, --log_output_level=default:info","Process pilot-agent (PID: 76015) by user root STOPPED",default,v2,reviews,end,process,process,"process_stopped","pilot-agent"
"2023-06-27 06:18:54","/usr/bin/containerd-shim-runc-v2","/usr/bin/containerd-shim-runc-v2, -namespace, moby, -id, 8edf175ee17640f8f7fb8c7a3125ab5cd4a2c30b4396d424f8497134475053cf, -address, /var/run/desktop-containerd/containerd.sock","Process containerd-shim (PID: 75994) by user root STOPPED",default,v2,reviews,end,process,process,"process_stopped","containerd-shim"
"2023-06-27 06:18:53","/usr/bin/dash","/bin/sh, /opt/ol/wlp/bin/server, run, defaultServer","Process server (PID: 76090) by user auditbeat STARTED",default,v2,reviews,start,process,process,"process_started",server
"2023-06-27 06:18:53","/usr/local/bin/pilot-agent","/usr/local/bin/pilot-agent, istio-iptables, -p, 15001, -z, 15006, -u, 1337, -m, REDIRECT, -i, *, -x, (empty), -b, *, -d, 15090,15021,15020, --log_output_level=default:info","Process pilot-agent (PID: 76082) by user root STARTED",default,v2,reviews,start,process,process,"process_started","pilot-agent"
"2023-06-27 06:18:53","/usr/local/bin/pilot-agent","/usr/local/bin/pilot-agent, istio-iptables, -p, 15001, -z, 15006, -u, 1337, -m, REDIRECT, -i, *, -x, (empty), -b, *, -d, 15090,15021,15020, --log_output_level=default:info","Process pilot-agent (PID: 76015) by user root STARTED",default,v2,reviews,start,process,process,"process_started","pilot-agent"
"2023-06-27 06:18:53","/usr/bin/containerd-shim-runc-v2","/usr/bin/containerd-shim-runc-v2, -namespace, moby, -id, 8edf175ee17640f8f7fb8c7a3125ab5cd4a2c30b4396d424f8497134475053cf, -address, /var/run/desktop-containerd/containerd.sock","Process containerd-shim (PID: 75994) by user root STARTED",default,v2,reviews,start,process,process,"process_started","containerd-shim"
"2023-06-27 06:18:53","/usr/bin/containerd-shim-runc-v2","/usr/bin/containerd-shim-runc-v2, -namespace, moby, -id, 194f87588951304a877794397855ba85810fb0587b02d46cad29eba8fe45ba42, -address, /var/run/desktop-containerd/containerd.sock","Process containerd-shim (PID: 76056) by user root STARTED",default,v2,reviews,start,process,process,"process_started","containerd-shim"
"2023-06-27 06:18:53","/usr/bin/containerd-shim-runc-v2","/usr/bin/containerd-shim-runc-v2, -namespace, moby, -id, 2a087f15f91c3985977ecec4c6bc52cc57cd4e53390717e22c88a865e57b7dba, -address, /var/run/desktop-containerd/containerd.sock","Process containerd-shim (PID: 76029) by user root STARTED",default,v2,reviews,start,process,process,"process_started","containerd-shim"
"2023-06-27 06:18:53","/usr/local/bin/pilot-agent","/usr/local/bin/pilot-agent, istio-iptables, -p, 15001, -z, 15006, -u, 1337, -m, REDIRECT, -i, *, -x, (empty), -b, *, -d, 15090,15021,15020, --log_output_level=default:info","Process pilot-agent (PID: 75873) by user root STOPPED",default,v2,reviews,end,process,process,"process_stopped","pilot-agent"
"2023-06-27 06:18:53","/usr/bin/containerd-shim-runc-v2","/usr/bin/containerd-shim-runc-v2, -namespace, moby, -id, 99a9ca48c587241c4868960e5814e6b16be594bb5b8875f7d8a19b199b222b62, -address, /var/run/desktop-containerd/containerd.sock","Process containerd-shim (PID: 75848) by user root STOPPED",default,v2,reviews,end,process,process,"process_stopped","containerd-shim"
"2023-06-27 06:18:50","/usr/bin/containerd-shim-runc-v2","/usr/bin/containerd-shim-runc-v2, -namespace, moby, -id, 540611ad354447340c46b7124b843dda8ef35fa4461506dcb9e22a6aaf10fbff, -address, /var/run/desktop-containerd/containerd.sock","Process containerd-shim (PID: 75215) by user root STARTED",default,v2,reviews,start,process,process,"process_started","containerd-shim"
"2023-06-27 06:18:50","/","runc, init","Process runc:[2:INIT] (PID: 75325) by user root STARTED",default,v2,reviews,start,process,process,"process_started","runc:[2:INIT]"
"2023-06-27 06:18:50","/usr/bin/dockerd","set-ipv6, /var/run/docker/netns/ab6e350f18b0, all, false","Process exe (PID: 75227) by user root STARTED",default,v2,reviews,start,process,process,"process_started",exe
"2023-06-27 06:18:50","/","runc, init","Process runc:[2:INIT] (PID: 75364) by user root STARTED",default,v2,reviews,start,process,process,"process_started","runc:[2:INIT]"
"2023-06-27 06:18:50","/usr/bin/runc","runc, --root, /var/run/docker/runtime-runc/moby, --log, /var/run/desktop-containerd/daemon/io.containerd.runtime.v2.task/moby/1bf157ce9ffa8efe9ed3c4cff0f9275498c0f25302770f50d05184350b02af4f/log.json, --log-format, json, create, --bundle, /var/run/desktop-containerd/daemon/io.containerd.runtime.v2.task/moby/1bf157ce9ffa8efe9ed3c4cff0f9275498c0f25302770f50d05184350b02af4f, --pid-file, /var/run/desktop-containerd/daemon/io.containerd.runtime.v2.task/moby/1bf157ce9ffa8efe9ed3c4cff0f9275498c0f25302770f50d05184350b02af4f/init.pid, 1bf157ce9ffa8efe9ed3c4cff0f9275498c0f25302770f50d05184350b02af4f","Process runc (PID: 75196) by user root STARTED",default,v2,reviews,start,process,process,"process_started",runc
"2023-06-27 06:18:50","/usr/bin/runc","runc, --root, /var/run/docker/runtime-runc/moby, --log, /var/run/desktop-containerd/daemon/io.containerd.runtime.v2.task/moby/540611ad354447340c46b7124b843dda8ef35fa4461506dcb9e22a6aaf10fbff/log.json, --log-format, json, create, --bundle, /var/run/desktop-containerd/daemon/io.containerd.runtime.v2.task/moby/540611ad354447340c46b7124b843dda8ef35fa4461506dcb9e22a6aaf10fbff, --pid-file, /var/run/desktop-containerd/daemon/io.containerd.runtime.v2.task/moby/540611ad354447340c46b7124b843dda8ef35fa4461506dcb9e22a6aaf10fbff/init.pid, 540611ad354447340c46b7124b843dda8ef35fa4461506dcb9e22a6aaf10fbff","Process runc (PID: 75243) by user root STARTED",default,v2,reviews,start,process,process,"process_started",runc
"2023-06-27 06:18:50","/usr/bin/containerd-shim-runc-v2","/usr/bin/containerd-shim-runc-v2, -namespace, moby, -id, 1bf157ce9ffa8efe9ed3c4cff0f9275498c0f25302770f50d05184350b02af4f, -address, /var/run/desktop-containerd/containerd.sock","Process containerd-shim (PID: 75166) by user root STARTED",default,v2,reviews,start,process,process,"process_started","containerd-shim"
"2023-06-27 06:18:50","/usr/bin/runc","runc, --root, /var/run/docker/runtime-runc/moby, --log, /var/run/desktop-containerd/daemon/io.containerd.runtime.v2.task/moby/6d7de96cf8426f84ac09bb9380bbd94f2bffb0fa3d9c7e19ce2f9afd45aa8b2d/log.json, --log-format, json, create, --bundle, /var/run/desktop-containerd/daemon/io.containerd.runtime.v2.task/moby/6d7de96cf8426f84ac09bb9380bbd94f2bffb0fa3d9c7e19ce2f9afd45aa8b2d, --pid-file, /var/run/desktop-containerd/daemon/io.containerd.runtime.v2.task/moby/6d7de96cf8426f84ac09bb9380bbd94f2bffb0fa3d9c7e19ce2f9afd45aa8b2d/init.pid, 6d7de96cf8426f84ac09bb9380bbd94f2bffb0fa3d9c7e19ce2f9afd45aa8b2d","Process runc (PID: 74883) by user root STOPPED",default,v2,reviews,end,process,process,"process_stopped",runc
"2023-06-27 06:18:50","/usr/bin/dockerd","libnetwork-setkey, -exec-root=/var/run/docker, 6d7de96cf8426f84ac09bb9380bbd94f2bffb0fa3d9c7e19ce2f9afd45aa8b2d, bffd31080bab","Process exe (PID: 74915) by user root STOPPED",default,v2,reviews,end,process,process,"process_stopped",exe
"2023-06-27 06:18:29","/usr/local/bin/nsexec","/usr/local/bin/nsexec, -n, /proc/8647/ns/net, --, ipset, save, -o, xml","Process nsexec (PID: 70726) by user root STOPPED",default,v1,productpage,end,process,process,"process_stopped",nsexec
"2023-06-27 06:18:28","/usr/local/bin/nsexec","/usr/local/bin/nsexec, -n, /proc/8647/ns/net, --, ipset, save, -o, xml","Process nsexec (PID: 70726) by user root STARTED",default,v2,reviews,start,process,process,"process_started",nsexec
"2023-06-27 06:18:28","/usr/bin/containerd-shim-runc-v2","/usr/bin/containerd-shim-runc-v2, -namespace, moby, -id, 4850ae566650f8e8089c76f7e2a8c095e50c9cf212f9553eae4c9bfcd66484fe, -address, /var/run/desktop-containerd/containerd.sock","Process containerd-shim (PID: 63358) by user root STOPPED",default,v2,reviews,end,process,process,"process_stopped","containerd-shim"
"2023-06-27 06:18:28","/usr/bin/dash","/bin/sh, /opt/ol/wlp/bin/server, run, defaultServer","Process server (PID: 64877) by user auditbeat STOPPED",default,v2,reviews,end,process,process,"process_stopped",server
"2023-06-27 06:18:28","/usr/local/bin/nsexec","/usr/local/bin/nsexec, -n, /proc/10793/ns/net, --, tc, qdisc","Process nsexec (PID: 70540) by user root STOPPED",default,v2,reviews,end,process,process,"process_stopped",nsexec
"2023-06-27 06:18:28","/","runc, init","Process runc:[2:INIT] (PID: 63314) STOPPED",default,v2,reviews,end,process,process,"process_stopped","runc:[2:INIT]"
"2023-06-27 06:18:28","/usr/bin/dash","/bin/sh, /opt/ol/wlp/bin/server, run, defaultServer","Process server (PID: 64629) by user auditbeat STOPPED",default,v2,reviews,end,process,process,"process_stopped",server
"2023-06-27 06:18:28","/usr/bin/containerd-shim-runc-v2","/usr/bin/containerd-shim-runc-v2, -namespace, moby, -id, 4785201384ace427558133fa9a69629ef448c6171bf291fed91567f0979b5441, -address, /var/run/desktop-containerd/containerd.sock","Process containerd-shim (PID: 63284) by user root STOPPED",default,v2,reviews,end,process,process,"process_stopped","containerd-shim"
"2023-06-27 06:18:28","/usr/bin/containerd-shim-runc-v2","/usr/bin/containerd-shim-runc-v2, -namespace, moby, -id, a27f0b3583dfb8375ac0ffcaf7cea2cea14767fd4be1f6e36eb4226db0e24294, -address, /var/run/desktop-containerd/containerd.sock","Process containerd-shim (PID: 64601) by user root STOPPED",default,v2,reviews,end,process,process,"process_stopped","containerd-shim"
"2023-06-27 06:18:28","/usr/bin/containerd-shim-runc-v2","/usr/bin/containerd-shim-runc-v2, -namespace, moby, -id, 481c849a058d0999af88b4be319f708cbbdfa4cfdcb8eecd15196ff974f85f13, -address, /var/run/desktop-containerd/containerd.sock","Process containerd-shim (PID: 64810) by user root STOPPED",default,v2,reviews,end,process,process,"process_stopped","containerd-shim"
"2023-06-27 06:18:28","/","runc, init","Process runc:[2:INIT] (PID: 63385) by user root STOPPED",default,v2,reviews,end,process,process,"process_stopped","runc:[2:INIT]"
"2023-06-27 06:18:27","/usr/local/bin/nsexec","/usr/local/bin/nsexec, -n, /proc/10793/ns/net, --, tc, qdisc","Process nsexec (PID: 70540) by user root STARTED",default,v2,reviews,start,process,process,"process_started",nsexec
"2023-06-27 06:18:27","/usr/local/bin/nsexec","/usr/local/bin/nsexec, -n, /proc/9563/ns/net, --, iptables-save, -c","Process nsexec (PID: 70455) by user root STOPPED",default,v2,reviews,end,process,process,"process_stopped",nsexec
"2023-06-27 06:18:26","/usr/local/bin/nsexec","/usr/local/bin/nsexec, -n, /proc/10737/ns/net, --, ipset, save, -o, xml","ERROR for PID 70513: failed to get namespaces for /usr/local/bin/nsexec PID 70513: stat /proc/70513/ns/mnt: no such file or directory",default,v2,reviews,info,process,process,"process_error",nsexec
"2023-06-27 06:18:26","/usr/local/bin/nsexec","/usr/local/bin/nsexec, -n, /proc/9563/ns/net, --, iptables-save, -c","Process nsexec (PID: 70455) by user root STARTED",default,v2,reviews,start,process,process,"process_started",nsexec
"2023-06-27 06:18:18","/usr/local/bin/nsexec","/usr/local/bin/nsexec, -n, /proc/10546/ns/net, --, iptables-save, -c","Process nsexec (PID: 68628) by user root STARTED",default,v1,details,start,process,process,"process_started",nsexec
"2023-06-27 06:18:18","/usr/sbin/xtables-legacy-multi","iptables-save, -c","Process iptables-save (PID: 68846) by user root STARTED",default,v1,details,start,process,process,"process_started","iptables-save"
"2023-06-27 06:18:18","/usr/local/bin/nsexec","/usr/local/bin/nsexec, -n, /proc/37764/ns/net, --, tc, qdisc","Process nsexec (PID: 68823) by user root STARTED",default,v1,details,start,process,process,"process_started",nsexec
"2023-06-27 06:18:17","/usr/local/bin/nsexec","/usr/local/bin/nsexec, -n, /proc/37780/ns/net, --, iptables-save, -c","Process nsexec (PID: 68391) by user root STOPPED",default,v1,details,end,process,process,"process_stopped",nsexec
"2023-06-27 06:18:08","/usr/local/bin/nsexec","/usr/local/bin/nsexec, -n, /proc/99397/ns/net, --, tc, qdisc","ERROR for PID 67516: failed to get namespaces for /usr/local/bin/nsexec PID 67516: stat /proc/67516/ns/mnt: no such file or directory",default,v2,reviews,info,process,process,"process_error",nsexec
"2023-06-27 06:18:05","/usr/bin/containerd-shim-runc-v2","/usr/bin/containerd-shim-runc-v2, -namespace, moby, -id, 8a7106a47d1a4460603da863e89dd0196fb2d9415304fbf7d0bdab819fcc8917, -address, /var/run/desktop-containerd/containerd.sock","Process containerd-shim (PID: 63417) by user root STOPPED",default,v1,reviews,end,process,process,"process_stopped","containerd-shim"
"2023-06-27 06:18:05","/pause","/pause","Process pause (PID: 63447) STOPPED",default,v1,reviews,end,process,process,"process_stopped",pause
"2023-06-27 06:17:58","/usr/local/bin/envoy","/usr/local/bin/envoy, -c, etc/istio/proxy/envoy-rev.json, --drain-time-s, 45, --drain-strategy, immediate, --local-address-ip-version, v4, --file-flush-interval-msec, 1000, --disable-hot-restart, --allow-unknown-static-fields, --log-format, %Y-%m-%dT%T.%fZ	%l	envoy %n %g:%#	%v	thread=%t, -l, warning, --component-log-level, misc:error, --concurrency, 2","Process envoy (PID: 65191) STARTED",default,v2,reviews,start,process,process,"process_started",envoy
"2023-06-27 06:17:58","/usr/local/bin/nsexec","/usr/local/bin/nsexec, -n, /proc/65070/ns/net, --, ipset, save, -o, xml","Process nsexec (PID: 65236) by user root STARTED",default,v2,reviews,start,process,process,"process_started",nsexec
"2023-06-27 06:17:57","/usr/local/bin/pilot-agent","/usr/local/bin/pilot-agent, proxy, sidecar, --domain, default.svc.cluster.local, --proxyLogLevel=warning, --proxyComponentLogLevel=misc:error, --log_output_level=default:info, --concurrency, 2","Process pilot-agent (PID: 65102) STARTED",default,v2,reviews,start,process,process,"process_started","pilot-agent"
"2023-06-27 06:17:57","/usr/bin/containerd-shim-runc-v2","/usr/bin/containerd-shim-runc-v2, -namespace, moby, -id, 2ee4dc3dfdbefd8a49ed618e62c3ef03ad510db6812f206019f9dfef5130c075, -address, /var/run/desktop-containerd/containerd.sock","Process containerd-shim (PID: 65052) by user root STARTED",default,v2,reviews,start,process,process,"process_started","containerd-shim"
"2023-06-27 06:17:56","/usr/local/bin/pilot-agent","/usr/local/bin/pilot-agent, proxy, sidecar, --domain, default.svc.cluster.local, --proxyLogLevel=warning, --proxyComponentLogLevel=misc:error, --log_output_level=default:info, --concurrency, 2","Process pilot-agent (PID: 64760) STARTED",default,v2,reviews,start,process,process,"process_started","pilot-agent"
"2023-06-27 06:17:56","/usr/bin/containerd-shim-runc-v2","/usr/bin/containerd-shim-runc-v2, -namespace, moby, -id, b0291b322d6c6e3a7aa0e2b25b974cee3847aa54ecdf39dfd15f631388620784, -address, /var/run/desktop-containerd/containerd.sock","Process containerd-shim (PID: 64778) by user root STARTED",default,v2,reviews,start,process,process,"process_started","containerd-shim"
"2023-06-27 06:17:56","/usr/bin/dash","/bin/sh, /opt/ol/wlp/bin/server, run, defaultServer","Process server (PID: 64877) by user auditbeat STARTED",default,v2,reviews,start,process,process,"process_started",server
"2023-06-27 06:17:56","/usr/bin/containerd-shim-runc-v2","/usr/bin/containerd-shim-runc-v2, -namespace, moby, -id, 481c849a058d0999af88b4be319f708cbbdfa4cfdcb8eecd15196ff974f85f13, -address, /var/run/desktop-containerd/containerd.sock","Process containerd-shim (PID: 64810) by user root STARTED",default,v2,reviews,start,process,process,"process_started","containerd-shim"
"2023-06-27 06:17:56","/usr/bin/dash","/bin/sh, /opt/ol/wlp/bin/server, run, defaultServer","Process server (PID: 64863) by user auditbeat STARTED",default,v2,reviews,start,process,process,"process_started",server
"2023-06-27 06:17:56","/","runc, init","Process runc:[2:INIT] (PID: 63570) by user root STOPPED",default,v2,reviews,end,process,process,"process_stopped","runc:[2:INIT]"
"2023-06-27 06:17:56","/usr/bin/containerd-shim-runc-v2","/usr/bin/containerd-shim-runc-v2, -namespace, moby, -id, 0e08c7fe89865eb14ab64f895938a024a7527f2f9ab86bf8538ffec1f070ba61, -address, /var/run/desktop-containerd/containerd.sock","Process containerd-shim (PID: 63486) by user root STOPPED",default,v2,reviews,end,process,process,"process_stopped","containerd-shim"
"2023-06-27 06:17:55","/usr/bin/runc","runc, --root, /var/run/docker/runtime-runc/moby, --log, /var/run/desktop-containerd/daemon/io.containerd.runtime.v2.task/moby/a43bac7595f5a201680a6e308e1d3bb3652a0a6eb696238b7e769ed9fc410c06/log.json, --log-format, json, create, --bundle, /var/run/desktop-containerd/daemon/io.containerd.runtime.v2.task/moby/a43bac7595f5a201680a6e308e1d3bb3652a0a6eb696238b7e769ed9fc410c06, --pid-file, /var/run/desktop-containerd/daemon/io.containerd.runtime.v2.task/moby/a43bac7595f5a201680a6e308e1d3bb3652a0a6eb696238b7e769ed9fc410c06/init.pid, a43bac7595f5a201680a6e308e1d3bb3652a0a6eb696238b7e769ed9fc410c06","ERROR for PID 64723: failed to get namespaces for /usr/bin/runc PID 64723: stat /proc/64723/ns/mnt: no such file or directory",default,v2,reviews,info,process,process,"process_error",runc
"2023-06-27 06:17:55","/usr/bin/containerd-shim-runc-v2","/usr/bin/containerd-shim-runc-v2, -namespace, moby, -id, a43bac7595f5a201680a6e308e1d3bb3652a0a6eb696238b7e769ed9fc410c06, -address, /var/run/desktop-containerd/containerd.sock","Process containerd-shim (PID: 64713) by user root STARTED",default,v2,reviews,start,process,process,"process_started","containerd-shim"
"2023-06-27 06:17:55","/usr/bin/containerd-shim-runc-v2","/usr/bin/containerd-shim-runc-v2, -namespace, moby, -id, a27f0b3583dfb8375ac0ffcaf7cea2cea14767fd4be1f6e36eb4226db0e24294, -address, /var/run/desktop-containerd/containerd.sock","Process containerd-shim (PID: 64601) by user root STARTED",default,v2,reviews,start,process,process,"process_started","containerd-shim"
"2023-06-27 06:17:55","/usr/bin/dash","/bin/sh, /opt/ol/wlp/bin/server, run, defaultServer","Process server (PID: 64629) by user auditbeat STARTED",default,v2,reviews,start,process,process,"process_started",server
"2023-06-27 06:17:55","/usr/bin/containerd-shim-runc-v2","/usr/bin/containerd-shim-runc-v2, -namespace, moby, -id, e1a3016c29362b54c3be0b03027c74707600ab6833b29f5314247b3e853ccd09, -address, /var/run/desktop-containerd/containerd.sock","Process containerd-shim (PID: 64355) by user root STOPPED",default,v2,reviews,end,process,process,"process_stopped","containerd-shim"
"2023-06-27 06:17:55","/usr/bin/containerd-shim-runc-v2","/usr/bin/containerd-shim-runc-v2, -namespace, moby, -id, f4daba516d3769213c389fba92857fe5340027e34e4b32cdf7d192c9fedff177, -address, /var/run/desktop-containerd/containerd.sock","Process containerd-shim (PID: 64102) by user root STOPPED",default,v2,reviews,end,process,process,"process_stopped","containerd-shim"
"2023-06-27 06:17:55","/usr/local/bin/pilot-agent","/usr/local/bin/pilot-agent, istio-iptables, -p, 15001, -z, 15006, -u, 1337, -m, REDIRECT, -i, *, -x, (empty), -b, *, -d, 15090,15021,15020, --log_output_level=default:info","Process pilot-agent (PID: 64510) by user root STOPPED",default,v2,reviews,end,process,process,"process_stopped","pilot-agent"
"2023-06-27 06:17:54","/usr/local/bin/pilot-agent","/usr/local/bin/pilot-agent, istio-iptables, -p, 15001, -z, 15006, -u, 1337, -m, REDIRECT, -i, *, -x, (empty), -b, *, -d, 15090,15021,15020, --log_output_level=default:info","Process pilot-agent (PID: 64510) by user root STARTED",default,v2,reviews,start,process,process,"process_started","pilot-agent"
"2023-06-27 06:17:54","/usr/bin/containerd-shim-runc-v2","/usr/bin/containerd-shim-runc-v2, -namespace, moby, -id, e1a3016c29362b54c3be0b03027c74707600ab6833b29f5314247b3e853ccd09, -address, /var/run/desktop-containerd/containerd.sock","Process containerd-shim (PID: 64355) by user root STARTED",default,v2,reviews,start,process,process,"process_started","containerd-shim"
"2023-06-27 06:17:54","/usr/local/bin/pilot-agent","/usr/local/bin/pilot-agent, istio-iptables, -p, 15001, -z, 15006, -u, 1337, -m, REDIRECT, -i, *, -x, (empty), -b, *, -d, 15090,15021,15020, --log_output_level=default:info","Process pilot-agent (PID: 64187) by user root STOPPED",default,v2,reviews,end,process,process,"process_stopped","pilot-agent"
"2023-06-27 06:17:53","/usr/bin/containerd-shim-runc-v2","/usr/bin/containerd-shim-runc-v2, -namespace, moby, -id, f4daba516d3769213c389fba92857fe5340027e34e4b32cdf7d192c9fedff177, -address, /var/run/desktop-containerd/containerd.sock","Process containerd-shim (PID: 64102) by user root STARTED",default,v2,reviews,start,process,process,"process_started","containerd-shim"
"2023-06-27 06:17:53","/usr/local/bin/pilot-agent","/usr/local/bin/pilot-agent, istio-iptables, -p, 15001, -z, 15006, -u, 1337, -m, REDIRECT, -i, *, -x, (empty), -b, *, -d, 15090,15021,15020, --log_output_level=default:info","Process pilot-agent (PID: 64187) by user root STARTED",default,v2,reviews,start,process,process,"process_started","pilot-agent"
"2023-06-27 06:17:53","/usr/bin/containerd-shim-runc-v2","/usr/bin/containerd-shim-runc-v2, -namespace, moby, -id, 470a31ec82676aac78c07bc8a47ad2f6c02e2d7d384243f6b4fad16236d90ebf, -address, /var/run/desktop-containerd/containerd.sock","Process containerd-shim (PID: 63694) by user root STOPPED",default,v2,reviews,end,process,process,"process_stopped","containerd-shim"
"2023-06-27 06:17:53","/usr/local/bin/pilot-agent","/usr/local/bin/pilot-agent, istio-iptables, -p, 15001, -z, 15006, -u, 1337, -m, REDIRECT, -i, *, -x, (empty), -b, *, -d, 15090,15021,15020, --log_output_level=default:info","Process pilot-agent (PID: 63740) by user root STOPPED",default,v2,reviews,end,process,process,"process_stopped","pilot-agent"
"2023-06-27 06:17:42","/usr/bin/runc","runc, --version","Process runc (PID: 61174) by user root STOPPED",default,v1,reviews,end,process,process,"process_stopped",runc
"2023-06-27 06:17:41","/usr/bin/runc","runc, --version","Process runc (PID: 61174) by user root STARTED",default,v1,reviews,start,process,process,"process_started",runc
"2023-06-27 06:16:57","/usr/bin/containerd-shim-runc-v2","/usr/bin/containerd-shim-runc-v2, -namespace, moby, -id, 1e25f5b877383aad8b72dd13a262a747f9f1c013059830d3f60a7c5ffb885816, -address, /var/run/desktop-containerd/containerd.sock","Process containerd-shim (PID: 51501) by user root STOPPED",default,v2,reviews,end,process,process,"process_stopped","containerd-shim"
"2023-06-27 06:16:04","/usr/local/bin/nsexec","/usr/local/bin/nsexec, -n, /proc/3158/ns/net, --, ipset, save, -o, xml","Process nsexec (PID: 43229) by user root STOPPED",default,v2,reviews,end,process,process,"process_stopped",nsexec
"2023-06-27 06:15:57","/opt/java/openjdk/bin/java","/opt/java/openjdk/bin/java, -javaagent:/opt/ol/wlp/bin/tools/ws-javaagent.jar, -Djava.awt.headless=true, -Djdk.attach.allowAttachSelf=true, -jar, /opt/ol/wlp/bin/tools/ws-server.jar, defaultServer","Process java (PID: 42431) by user auditbeat STARTED",default,v2,reviews,start,process,process,"process_started",java
"2023-06-27 06:15:57","/usr/local/bin/pilot-agent","/usr/local/bin/pilot-agent, proxy, sidecar, --domain, default.svc.cluster.local, --proxyLogLevel=warning, --proxyComponentLogLevel=misc:error, --log_output_level=default:info, --concurrency, 2","Process pilot-agent (PID: 42565) STARTED",default,v2,reviews,start,process,process,"process_started","pilot-agent"
"2023-06-27 06:15:57","/usr/bin/containerd-shim-runc-v2","/usr/bin/containerd-shim-runc-v2, -namespace, moby, -id, 297ef5c28cf5c7448d1241e6847d8a02a37d35cad43e27a637a3c0fb01659a53, -address, /var/run/desktop-containerd/containerd.sock","Process containerd-shim (PID: 42395) by user root STARTED",default,v2,reviews,start,process,process,"process_started","containerd-shim"
"2023-06-27 06:15:57","/usr/bin/containerd-shim-runc-v2","/usr/bin/containerd-shim-runc-v2, -namespace, moby, -id, 88d0c23646a09eab7e2d9d397044c75e4e2b69d697d2488ad2ae2d7c2f83e53f, -address, /var/run/desktop-containerd/containerd.sock","Process containerd-shim (PID: 42512) by user root STARTED",default,v2,reviews,start,process,process,"process_started","containerd-shim"
"2023-06-27 06:15:57","/usr/bin/containerd-shim-runc-v2","/usr/bin/containerd-shim-runc-v2, -namespace, moby, -id, ab69937fe45f6508487680db9b1ee56662c168330a97ca2930a477ddd5692847, -address, /var/run/desktop-containerd/containerd.sock","Process containerd-shim (PID: 40526) by user root STOPPED",default,v2,reviews,end,process,process,"process_stopped","containerd-shim"
"2023-06-27 06:15:56","/usr/bin/containerd-shim-runc-v2","/usr/bin/containerd-shim-runc-v2, -namespace, moby, -id, 3c55a2abb1f93aca567d9db3857c489418b7f32975ee69b30ff4aa3b70c5faa6, -address, /var/run/desktop-containerd/containerd.sock","Process containerd-shim (PID: 40449) by user root STOPPED",default,v2,reviews,end,process,process,"process_stopped","containerd-shim"
"2023-06-27 06:15:56","/","runc, init","Process runc:[2:INIT] (PID: 40164) by user root STOPPED",default,v2,reviews,end,process,process,"process_stopped","runc:[2:INIT]"
"2023-06-27 06:15:56","/usr/bin/containerd-shim-runc-v2","/usr/bin/containerd-shim-runc-v2, -namespace, moby, -id, a9c4bd6a3322917b51184b1455b8a5a5736f12df12e58e35b41cf4202a84cea2, -address, /var/run/desktop-containerd/containerd.sock","Process containerd-shim (PID: 40037) by user root STOPPED",default,v2,reviews,end,process,process,"process_stopped","containerd-shim"
"2023-06-27 06:15:56","/","runc, init","Process runc:[2:INIT] (PID: 40510) by user root STOPPED",default,v2,reviews,end,process,process,"process_stopped","runc:[2:INIT]"
"2023-06-27 06:15:56","/","runc, init","Process runc:[2:INIT] (PID: 40645) by user root STOPPED",default,v2,reviews,end,process,process,"process_stopped","runc:[2:INIT]"
"2023-06-27 06:15:30","/usr/local/bin/nsexec","/usr/local/bin/nsexec, -n, /proc/38689/ns/net, --, iptables-save, -c","ERROR for PID 36564: failed to get namespaces for /usr/local/bin/nsexec PID 36564: stat /proc/36564/ns/mnt: no such file or directory",default,v2,reviews,info,process,process,"process_error",nsexec
"2023-06-27 06:15:30","/usr/local/bin/nsexec","/usr/local/bin/nsexec, -n, /proc/9251/ns/net, --, tc, qdisc","ERROR for PID 36568: failed to get namespaces for /usr/local/bin/nsexec PID 36568: stat /proc/36568/ns/mnt: no such file or directory",default,v2,reviews,info,process,process,"process_error",nsexec
"2023-06-27 06:15:30","/usr/local/bin/nsexec","/usr/local/bin/nsexec, -n, /proc/30867/ns/net, --, ipset, save, -o, xml","Process nsexec (PID: 36503) by user root STOPPED",default,v2,reviews,end,process,process,"process_stopped",nsexec
"2023-06-27 06:15:28","/usr/local/bin/chaos-daemon","/usr/local/bin/chaos-daemon, --runtime, docker, --http-port, 31766, --grpc-port, 31767, --pprof, --runtime-socket-path, /host-run/docker.sock","Process chaos-daemon (PID: 36471) by user root STARTED",default,v3,reviews,start,process,process,"process_started","chaos-daemon"
"2023-06-27 06:15:24","/usr/local/bin/nsexec","/usr/local/bin/nsexec, -n, /proc/3299/ns/net, --, iptables-save, -c","Process nsexec (PID: 36300) by user root STARTED",default,v2,reviews,start,process,process,"process_started",nsexec
"2023-06-27 06:15:24","/usr/local/bin/nsexec","/usr/local/bin/nsexec, -n, /proc/10812/ns/net, --, iptables-save, -c","Process nsexec (PID: 36125) by user root STOPPED",default,v2,reviews,end,process,process,"process_stopped",nsexec
"2023-06-27 06:15:23","/usr/local/bin/nsexec","/usr/local/bin/nsexec, -n, /proc/10812/ns/net, --, iptables-save, -c","Process nsexec (PID: 36125) by user root STARTED",default,v2,reviews,start,process,process,"process_started",nsexec
"2023-06-27 06:15:21","/usr/local/bin/nsexec","/usr/local/bin/nsexec, -n, /proc/8688/ns/net, --, ipset, save, -o, xml","Process nsexec (PID: 35559) by user root STOPPED",default,v2,reviews,end,process,process,"process_stopped",nsexec
"2023-06-27 06:15:20","/usr/local/bin/nsexec","/usr/local/bin/nsexec, -n, /proc/8688/ns/net, --, ipset, save, -o, xml","Process nsexec (PID: 35559) by user root STARTED",default,v2,reviews,start,process,process,"process_started",nsexec
"2023-06-27 06:15:20","/usr/local/bin/nsexec","/usr/local/bin/nsexec, -n, /proc/9017/ns/net, --, tc, qdisc","Process nsexec (PID: 34879) by user root STOPPED",default,v2,reviews,end,process,process,"process_stopped",nsexec
"2023-06-27 06:15:20","/usr/local/bin/nsexec","/usr/local/bin/nsexec, -n, /proc/99397/ns/net, --, tc, qdisc","Process nsexec (PID: 35037) by user root STOPPED",default,v2,reviews,end,process,process,"process_stopped",nsexec
"2023-06-27 06:15:19","/usr/local/bin/nsexec","/usr/local/bin/nsexec, -n, /proc/9017/ns/net, --, tc, qdisc","Process nsexec (PID: 34879) by user root STARTED",default,v2,reviews,start,process,process,"process_started",nsexec
"2023-06-27 06:15:19","/usr/local/bin/nsexec","/usr/local/bin/nsexec, -n, /proc/99397/ns/net, --, tc, qdisc","Process nsexec (PID: 35037) by user root STARTED",default,v2,reviews,start,process,process,"process_started",nsexec
"2023-06-27 06:15:18","/usr/sbin/xtables-legacy-multi","iptables-save, -c","Process iptables-save (PID: 34322) by user root STOPPED",default,v2,reviews,end,process,process,"process_stopped","iptables-save"
"2023-06-27 06:15:18","/usr/local/bin/nsexec","/usr/local/bin/nsexec, -n, /proc/9092/ns/net, --, iptables-save, -c","Process nsexec (PID: 34321) by user root STOPPED",default,v2,reviews,end,process,process,"process_stopped",nsexec
"2023-06-27 06:15:17","/usr/sbin/xtables-legacy-multi","iptables-save, -c","Process iptables-save (PID: 34322) by user root STARTED",default,v2,reviews,start,process,process,"process_started","iptables-save"
"2023-06-27 06:15:17","/usr/local/bin/nsexec","/usr/local/bin/nsexec, -n, /proc/9092/ns/net, --, iptables-save, -c","Process nsexec (PID: 34321) by user root STARTED",default,v2,reviews,start,process,process,"process_started",nsexec
"2023-06-27 06:15:17","/usr/sbin/xtables-legacy-multi","iptables-save, -c","Process iptables-save (PID: 34262) by user root STOPPED",default,v2,reviews,end,process,process,"process_stopped","iptables-save"
"2023-06-27 06:15:17","/usr/local/bin/nsexec","/usr/local/bin/nsexec, -n, /proc/37764/ns/net, --, ipset, save, -o, xml","Process nsexec (PID: 34259) by user root STOPPED",default,v2,reviews,end,process,process,"process_stopped",nsexec
"2023-06-27 06:15:17","/usr/local/bin/nsexec","/usr/local/bin/nsexec, -n, /proc/9563/ns/net, --, iptables-save, -c","Process nsexec (PID: 34261) by user root STOPPED",default,v2,reviews,end,process,process,"process_stopped",nsexec
"2023-06-27 06:15:16","/usr/sbin/xtables-legacy-multi","iptables-save, -c","Process iptables-save (PID: 34262) by user root STARTED",default,v2,reviews,start,process,process,"process_started","iptables-save"
"2023-06-27 06:15:16","/usr/local/bin/nsexec","/usr/local/bin/nsexec, -n, /proc/9563/ns/net, --, iptables-save, -c","Process nsexec (PID: 34261) by user root STARTED",default,v2,reviews,start,process,process,"process_started",nsexec
"2023-06-27 06:15:16","/usr/local/bin/nsexec","/usr/local/bin/nsexec, -n, /proc/37764/ns/net, --, ipset, save, -o, xml","Process nsexec (PID: 34259) by user root STARTED",default,v2,reviews,start,process,process,"process_started",nsexec
"2023-06-27 06:15:16","/usr/local/bin/nsexec","/usr/local/bin/nsexec, -n, /proc/37780/ns/net, --, iptables-save, -c","Process nsexec (PID: 34235) by user root STOPPED",default,v2,reviews,end,process,process,"process_stopped",nsexec
"2023-06-27 06:15:16","/usr/local/bin/nsexec","/usr/local/bin/nsexec, -n, /proc/9251/ns/net, --, iptables-save, -c","Process nsexec (PID: 34233) by user root STOPPED",default,v2,reviews,end,process,process,"process_stopped",nsexec
"2023-06-27 06:15:11","/usr/sbin/xtables-legacy-multi","iptables-save, -c","Process iptables-save (PID: 33462) by user root STOPPED",default,v1,details,end,process,process,"process_stopped","iptables-save"
"2023-06-27 06:15:11","/usr/local/bin/nsexec","/usr/local/bin/nsexec, -n, /proc/10576/ns/net, --, iptables-save, -c","Process nsexec (PID: 33461) by user root STOPPED",default,v1,details,end,process,process,"process_stopped",nsexec
"2023-06-27 06:15:10","/usr/sbin/xtables-legacy-multi","iptables-save, -c","Process iptables-save (PID: 33462) by user root STARTED",default,v1,details,start,process,process,"process_started","iptables-save"
"2023-06-27 06:15:10","/usr/local/bin/nsexec","/usr/local/bin/nsexec, -n, /proc/10576/ns/net, --, iptables-save, -c","Process nsexec (PID: 33461) by user root STARTED",default,v1,details,start,process,process,"process_started",nsexec
"2023-06-27 06:15:06","/usr/bin/containerd-shim-runc-v2","/usr/bin/containerd-shim-runc-v2, -namespace, moby, -id, 45634c6e432a28c571d602e05d30ef2e54b997e6974d62ed2e3da0a19156b0db, -address, /var/run/desktop-containerd/containerd.sock","Process containerd-shim (PID: 31024) by user root STOPPED",default,v2,reviews,end,process,process,"process_stopped","containerd-shim"
"2023-06-27 06:15:06","/usr/local/bin/envoy","/usr/local/bin/envoy, -c, etc/istio/proxy/envoy-rev.json, --drain-time-s, 45, --drain-strategy, immediate, --local-address-ip-version, v4, --file-flush-interval-msec, 1000, --disable-hot-restart, --allow-unknown-static-fields, --log-format, %Y-%m-%dT%T.%fZ	%l	envoy %n %g:%#	%v	thread=%t, -l, warning, --component-log-level, misc:error, --concurrency, 2","Process envoy (PID: 31866) STOPPED",default,v2,reviews,end,process,process,"process_stopped",envoy
"2023-06-27 06:15:06","/usr/local/bin/pilot-agent","/usr/local/bin/pilot-agent, proxy, sidecar, --domain, default.svc.cluster.local, --proxyLogLevel=warning, --proxyComponentLogLevel=misc:error, --log_output_level=default:info, --concurrency, 2","Process pilot-agent (PID: 31092) STOPPED",default,v2,reviews,end,process,process,"process_stopped","pilot-agent"
"2023-06-27 06:15:06","/usr/local/bin/nsexec","/usr/local/bin/nsexec, -n, /proc/38689/ns/net, --, tc, qdisc","Process nsexec (PID: 33211) by user root STOPPED",default,v2,reviews,end,process,process,"process_stopped",nsexec
"2023-06-27 06:14:36","/usr/bin/runc","runc, --version","ERROR for PID 27124: failed to get namespaces for /usr/bin/runc PID 27124: stat /proc/27124/ns/mnt: no such file or directory",default,v1,details,info,process,process,"process_error",runc
"2023-06-27 06:13:52","/usr/bin/containerd-shim-runc-v2","/usr/bin/containerd-shim-runc-v2, -namespace, moby, -id, 0f14c1355117244556829a835cd160803f70ed3eb6ce43b73ef107b2b1a004ce, -address, /var/run/desktop-containerd/containerd.sock","Process containerd-shim (PID: 18847) by user root STARTED",default,v2,reviews,start,process,process,"process_started","containerd-shim"
"2023-06-27 06:13:52","/usr/bin/runc","runc, --root, /var/run/docker/runtime-runc/moby, --log, /var/run/desktop-containerd/daemon/io.containerd.runtime.v2.task/moby/ad7560bd1b7b40f133f4f345df4a9fbb2cdfc9ccd74e36ccdb174d85c43342f2/log.json, --log-format, json, create, --bundle, /var/run/desktop-containerd/daemon/io.containerd.runtime.v2.task/moby/ad7560bd1b7b40f133f4f345df4a9fbb2cdfc9ccd74e36ccdb174d85c43342f2, --pid-file, /var/run/desktop-containerd/daemon/io.containerd.runtime.v2.task/moby/ad7560bd1b7b40f133f4f345df4a9fbb2cdfc9ccd74e36ccdb174d85c43342f2/init.pid, ad7560bd1b7b40f133f4f345df4a9fbb2cdfc9ccd74e36ccdb174d85c43342f2","Process runc (PID: 17662) by user root STOPPED",default,v2,reviews,end,process,process,"process_stopped",runc
"2023-06-27 06:13:52","/usr/bin/dockerd","set-ipv6, /var/run/docker/netns/cc211259075c, all, false","Process exe (PID: 18609) by user root STOPPED",default,v2,reviews,end,process,process,"process_stopped",exe
"2023-06-27 06:13:52","/usr/bin/runc","runc, --root, /var/run/docker/runtime-runc/moby, --log, /var/run/desktop-containerd/daemon/io.containerd.runtime.v2.task/moby/edb72f29a91c9b54ca4a53e646d6a64364f9d58de5d74b3fd6c472d11e7cf7b1/log.json, --log-format, json, create, --bundle, /var/run/desktop-containerd/daemon/io.containerd.runtime.v2.task/moby/edb72f29a91c9b54ca4a53e646d6a64364f9d58de5d74b3fd6c472d11e7cf7b1, --pid-file, /var/run/desktop-containerd/daemon/io.containerd.runtime.v2.task/moby/edb72f29a91c9b54ca4a53e646d6a64364f9d58de5d74b3fd6c472d11e7cf7b1/init.pid, edb72f29a91c9b54ca4a53e646d6a64364f9d58de5d74b3fd6c472d11e7cf7b1","Process runc (PID: 17520) by user root STOPPED",default,v2,reviews,end,process,process,"process_stopped",runc
"2023-06-27 06:13:52","/usr/bin/dockerd","libnetwork-setkey, -exec-root=/var/run/docker, ad7560bd1b7b40f133f4f345df4a9fbb2cdfc9ccd74e36ccdb174d85c43342f2, bffd31080bab","Process exe (PID: 17756) by user root STOPPED",default,v2,reviews,end,process,process,"process_stopped",exe
"2023-06-27 06:13:51","/usr/bin/dockerd","set-ipv6, /var/run/docker/netns/cc211259075c, all, false","Process exe (PID: 18609) by user root STARTED",default,v2,reviews,start,process,process,"process_started",exe
"2023-06-27 06:13:51","/usr/bin/dockerd","libnetwork-setkey, -exec-root=/var/run/docker, edb72f29a91c9b54ca4a53e646d6a64364f9d58de5d74b3fd6c472d11e7cf7b1, bffd31080bab","Process exe (PID: 17705) by user root STOPPED",default,v2,reviews,end,process,process,"process_stopped",exe
"2023-06-27 06:13:51","/usr/bin/runc","runc, --root, /var/run/docker/runtime-runc/moby, --log, /var/run/desktop-containerd/daemon/io.containerd.runtime.v2.task/moby/8731b04a67de82b59b5a583a0bbd81a2e75f0fd67ddd3ec063426ce99cf08575/log.json, --log-format, json, create, --bundle, /var/run/desktop-containerd/daemon/io.containerd.runtime.v2.task/moby/8731b04a67de82b59b5a583a0bbd81a2e75f0fd67ddd3ec063426ce99cf08575, --pid-file, /var/run/desktop-containerd/daemon/io.containerd.runtime.v2.task/moby/8731b04a67de82b59b5a583a0bbd81a2e75f0fd67ddd3ec063426ce99cf08575/init.pid, 8731b04a67de82b59b5a583a0bbd81a2e75f0fd67ddd3ec063426ce99cf08575","Process runc (PID: 17583) by user root STOPPED",default,v2,reviews,end,process,process,"process_stopped",runc
"2023-06-27 06:13:51","/usr/bin/dockerd","libnetwork-setkey, -exec-root=/var/run/docker, 8731b04a67de82b59b5a583a0bbd81a2e75f0fd67ddd3ec063426ce99cf08575, bffd31080bab","Process exe (PID: 17734) by user root STOPPED",default,v2,reviews,end,process,process,"process_stopped",exe
"2023-06-27 06:13:50","/usr/bin/runc","runc, --root, /var/run/docker/runtime-runc/moby, --log, /var/run/desktop-containerd/daemon/io.containerd.runtime.v2.task/moby/b47aa1d859ead464cae0a619177474f958f627884857c14520a66596a59ef333/log.json, --log-format, json, create, --bundle, /var/run/desktop-containerd/daemon/io.containerd.runtime.v2.task/moby/b47aa1d859ead464cae0a619177474f958f627884857c14520a66596a59ef333, --pid-file, /var/run/desktop-containerd/daemon/io.containerd.runtime.v2.task/moby/b47aa1d859ead464cae0a619177474f958f627884857c14520a66596a59ef333/init.pid, b47aa1d859ead464cae0a619177474f958f627884857c14520a66596a59ef333","Process runc (PID: 17297) by user root STOPPED",default,v2,reviews,end,process,process,"process_stopped",runc
"2023-06-27 06:13:49","/usr/bin/containerd-shim-runc-v2","/usr/bin/containerd-shim-runc-v2, -namespace, moby, -id, 8731b04a67de82b59b5a583a0bbd81a2e75f0fd67ddd3ec063426ce99cf08575, -address, /var/run/desktop-containerd/containerd.sock","Process containerd-shim (PID: 17544) by user root STARTED",default,v2,reviews,start,process,process,"process_started","containerd-shim"
"2023-06-27 06:13:49","/usr/bin/containerd-shim-runc-v2","/usr/bin/containerd-shim-runc-v2, -namespace, moby, -id, ad7560bd1b7b40f133f4f345df4a9fbb2cdfc9ccd74e36ccdb174d85c43342f2, -address, /var/run/desktop-containerd/containerd.sock","Process containerd-shim (PID: 17628) by user root STARTED",default,v2,reviews,start,process,process,"process_started","containerd-shim"
"2023-06-27 06:13:49","/usr/bin/containerd-shim-runc-v2","/usr/bin/containerd-shim-runc-v2, -namespace, moby, -id, edb72f29a91c9b54ca4a53e646d6a64364f9d58de5d74b3fd6c472d11e7cf7b1, -address, /var/run/desktop-containerd/containerd.sock","Process containerd-shim (PID: 17503) by user root STARTED",default,v2,reviews,start,process,process,"process_started","containerd-shim"
"2023-06-27 06:13:49","/","runc, init","Process runc:[2:INIT] (PID: 17652) by user root STARTED",default,v2,reviews,start,process,process,"process_started","runc:[2:INIT]"
"2023-06-27 06:13:49","/usr/bin/dockerd","libnetwork-setkey, -exec-root=/var/run/docker, 8731b04a67de82b59b5a583a0bbd81a2e75f0fd67ddd3ec063426ce99cf08575, bffd31080bab","Process exe (PID: 17734) by user root STARTED",default,v2,reviews,start,process,process,"process_started",exe
"2023-06-27 06:13:49","/usr/bin/dockerd","libnetwork-setkey, -exec-root=/var/run/docker, ad7560bd1b7b40f133f4f345df4a9fbb2cdfc9ccd74e36ccdb174d85c43342f2, bffd31080bab","Process exe (PID: 17756) by user root STARTED",default,v2,reviews,start,process,process,"process_started",exe
"2023-06-27 06:13:49","/usr/bin/dockerd","libnetwork-setkey, -exec-root=/var/run/docker, edb72f29a91c9b54ca4a53e646d6a64364f9d58de5d74b3fd6c472d11e7cf7b1, bffd31080bab","Process exe (PID: 17705) by user root STARTED",default,v2,reviews,start,process,process,"process_started",exe
"2023-06-27 06:13:49","/","runc, init","Process runc:[2:INIT] (PID: 17730) by user root STARTED",default,v2,reviews,start,process,process,"process_started","runc:[2:INIT]"
"2023-06-27 06:13:49","/usr/bin/runc","runc, --root, /var/run/docker/runtime-runc/moby, --log, /var/run/desktop-containerd/daemon/io.containerd.runtime.v2.task/moby/8731b04a67de82b59b5a583a0bbd81a2e75f0fd67ddd3ec063426ce99cf08575/log.json, --log-format, json, create, --bundle, /var/run/desktop-containerd/daemon/io.containerd.runtime.v2.task/moby/8731b04a67de82b59b5a583a0bbd81a2e75f0fd67ddd3ec063426ce99cf08575, --pid-file, /var/run/desktop-containerd/daemon/io.containerd.runtime.v2.task/moby/8731b04a67de82b59b5a583a0bbd81a2e75f0fd67ddd3ec063426ce99cf08575/init.pid, 8731b04a67de82b59b5a583a0bbd81a2e75f0fd67ddd3ec063426ce99cf08575","Process runc (PID: 17583) by user root STARTED",default,v2,reviews,start,process,process,"process_started",runc
"2023-06-27 06:13:49","/","runc, init","Process runc:[2:INIT] (PID: 17704) by user root STARTED",default,v2,reviews,start,process,process,"process_started","runc:[2:INIT]"
"2023-06-27 06:13:49","/usr/bin/runc","runc, --root, /var/run/docker/runtime-runc/moby, --log, /var/run/desktop-containerd/daemon/io.containerd.runtime.v2.task/moby/edb72f29a91c9b54ca4a53e646d6a64364f9d58de5d74b3fd6c472d11e7cf7b1/log.json, --log-format, json, create, --bundle, /var/run/desktop-containerd/daemon/io.containerd.runtime.v2.task/moby/edb72f29a91c9b54ca4a53e646d6a64364f9d58de5d74b3fd6c472d11e7cf7b1, --pid-file, /var/run/desktop-containerd/daemon/io.containerd.runtime.v2.task/moby/edb72f29a91c9b54ca4a53e646d6a64364f9d58de5d74b3fd6c472d11e7cf7b1/init.pid, edb72f29a91c9b54ca4a53e646d6a64364f9d58de5d74b3fd6c472d11e7cf7b1","Process runc (PID: 17520) by user root STARTED",default,v2,reviews,start,process,process,"process_started",runc
"2023-06-27 06:13:49","/usr/bin/runc","runc, --root, /var/run/docker/runtime-runc/moby, --log, /var/run/desktop-containerd/daemon/io.containerd.runtime.v2.task/moby/ad7560bd1b7b40f133f4f345df4a9fbb2cdfc9ccd74e36ccdb174d85c43342f2/log.json, --log-format, json, create, --bundle, /var/run/desktop-containerd/daemon/io.containerd.runtime.v2.task/moby/ad7560bd1b7b40f133f4f345df4a9fbb2cdfc9ccd74e36ccdb174d85c43342f2, --pid-file, /var/run/desktop-containerd/daemon/io.containerd.runtime.v2.task/moby/ad7560bd1b7b40f133f4f345df4a9fbb2cdfc9ccd74e36ccdb174d85c43342f2/init.pid, ad7560bd1b7b40f133f4f345df4a9fbb2cdfc9ccd74e36ccdb174d85c43342f2","Process runc (PID: 17662) by user root STARTED",default,v2,reviews,start,process,process,"process_started",runc
"2023-06-27 06:13:49","/usr/bin/dockerd","libnetwork-setkey, -exec-root=/var/run/docker, b47aa1d859ead464cae0a619177474f958f627884857c14520a66596a59ef333, bffd31080bab","Process exe (PID: 17327) by user root STOPPED",default,v2,reviews,end,process,process,"process_stopped",exe
"2023-06-27 06:13:48","/usr/bin/runc","runc, --root, /var/run/docker/runtime-runc/moby, --log, /var/run/desktop-containerd/daemon/io.containerd.runtime.v2.task/moby/b47aa1d859ead464cae0a619177474f958f627884857c14520a66596a59ef333/log.json, --log-format, json, create, --bundle, /var/run/desktop-containerd/daemon/io.containerd.runtime.v2.task/moby/b47aa1d859ead464cae0a619177474f958f627884857c14520a66596a59ef333, --pid-file, /var/run/desktop-containerd/daemon/io.containerd.runtime.v2.task/moby/b47aa1d859ead464cae0a619177474f958f627884857c14520a66596a59ef333/init.pid, b47aa1d859ead464cae0a619177474f958f627884857c14520a66596a59ef333","Process runc (PID: 17297) by user root STARTED",default,v2,reviews,start,process,process,"process_started",runc
"2023-06-27 06:13:48","/usr/bin/dockerd","libnetwork-setkey, -exec-root=/var/run/docker, b47aa1d859ead464cae0a619177474f958f627884857c14520a66596a59ef333, bffd31080bab","Process exe (PID: 17327) by user root STARTED",default,v2,reviews,start,process,process,"process_started",exe
"2023-06-27 06:13:48","/","runc, init","Process runc:[2:INIT] (PID: 17318) by user root STARTED",default,v2,reviews,start,process,process,"process_started","runc:[2:INIT]"
"2023-06-27 06:13:47","/usr/bin/containerd-shim-runc-v2","/usr/bin/containerd-shim-runc-v2, -namespace, moby, -id, b47aa1d859ead464cae0a619177474f958f627884857c14520a66596a59ef333, -address, /var/run/desktop-containerd/containerd.sock","Process containerd-shim (PID: 17282) by user root STARTED",default,v2,reviews,start,process,process,"process_started","containerd-shim"
"2023-06-27 06:13:20","/usr/local/bin/nsexec","/usr/local/bin/nsexec, -n, /proc/99397/ns/net, --, tc, qdisc","ERROR for PID 12290: failed to get namespaces for /usr/local/bin/nsexec PID 12290: stat /proc/12290/ns/mnt: no such file or directory",default,v1,reviews,info,process,process,"process_error",nsexec
"2023-06-27 06:13:20","/usr/local/bin/nsexec","/usr/local/bin/nsexec, -n, /proc/99397/ns/net, --, ipset, save, -o, xml","Process nsexec (PID: 11704) by user root STOPPED",default,v1,reviews,end,process,process,"process_stopped",nsexec
"2023-06-27 06:13:20","/usr/local/bin/nsexec","/usr/local/bin/nsexec, -n, /proc/9563/ns/net, --, iptables-save, -c","Process nsexec (PID: 11761) by user root STOPPED",default,v1,reviews,end,process,process,"process_stopped",nsexec
"2023-06-27 06:13:09","/usr/local/bin/nsexec","/usr/local/bin/nsexec, -n, /proc/14427/ns/net, --, ipset, save, -o, xml","Process nsexec (PID: 9849) by user root STOPPED",default,v1,ratings,end,process,process,"process_stopped",nsexec
"2023-06-27 06:13:08","/usr/local/bin/nsexec","/usr/local/bin/nsexec, -n, /proc/14427/ns/net, --, ipset, save, -o, xml","Process nsexec (PID: 9849) by user root STARTED",default,v2,reviews,start,process,process,"process_started",nsexec
"2023-06-27 06:13:07","/usr/local/bin/nsexec","/usr/local/bin/nsexec, -n, /proc/37765/ns/net, --, tc, qdisc","Process nsexec (PID: 9644) by user root STOPPED",default,v2,reviews,end,process,process,"process_stopped",nsexec
"2023-06-27 06:13:06","/usr/local/bin/nsexec","/usr/local/bin/nsexec, -n, /proc/37765/ns/net, --, tc, qdisc","Process nsexec (PID: 9644) by user root STARTED",default,v2,reviews,start,process,process,"process_started",nsexec
"2023-06-27 06:13:04","/usr/local/bin/nsexec","/usr/local/bin/nsexec, -n, /proc/37764/ns/net, --, ipset, save, -o, xml","Process nsexec (PID: 8624) by user root STARTED",default,v1,productpage,start,process,process,"process_started",nsexec
"2023-06-27 06:13:04","/usr/local/bin/pilot-agent","/usr/local/bin/pilot-agent, proxy, sidecar, --domain, default.svc.cluster.local, --proxyLogLevel=warning, --proxyComponentLogLevel=misc:error, --log_output_level=default:info, --concurrency, 2","Process pilot-agent (PID: 6615) STOPPED",default,v1,productpage,end,process,process,"process_stopped","pilot-agent"
"2023-06-27 06:13:04","/usr/local/bin/envoy","/usr/local/bin/envoy, -c, etc/istio/proxy/envoy-rev.json, --drain-time-s, 45, --drain-strategy, immediate, --local-address-ip-version, v4, --file-flush-interval-msec, 1000, --disable-hot-restart, --allow-unknown-static-fields, --log-format, %Y-%m-%dT%T.%fZ	%l	envoy %n %g:%#	%v	thread=%t, -l, warning, --component-log-level, misc:error, --concurrency, 2","Process envoy (PID: 8087) STOPPED",default,v1,productpage,end,process,process,"process_stopped",envoy
"2023-06-27 06:13:04","/usr/bin/containerd-shim-runc-v2","/usr/bin/containerd-shim-runc-v2, -namespace, moby, -id, 5db17cfc324a875cc7a05d22a718f21008cc8339672e05385b8e87bde345ecdd, -address, /var/run/desktop-containerd/containerd.sock","Process containerd-shim (PID: 6523) by user root STOPPED",default,v1,productpage,end,process,process,"process_stopped","containerd-shim"
"2023-06-27 06:13:03","/usr/local/bin/nsexec","/usr/local/bin/nsexec, -n, /proc/37780/ns/net, --, iptables-save, -c","Process nsexec (PID: 8209) by user root STOPPED",default,v1,details,end,process,process,"process_stopped",nsexec
"2023-06-27 06:12:52","/usr/bin/containerd-shim-runc-v2","/usr/bin/containerd-shim-runc-v2, -namespace, moby, -id, 20334fefd2e4c0701d774b83ec9ad7d02b94264f948428bb191971e66cc1225c, -address, /var/run/desktop-containerd/containerd.sock","Process containerd-shim (PID: 6487) by user root STARTED",default,v1,reviews,start,process,process,"process_started","containerd-shim"
"2023-06-27 06:12:52","/usr/local/bin/pilot-agent","/usr/local/bin/pilot-agent, proxy, sidecar, --domain, default.svc.cluster.local, --proxyLogLevel=warning, --proxyComponentLogLevel=misc:error, --log_output_level=default:info, --concurrency, 2","Process pilot-agent (PID: 6618) STARTED",default,v1,reviews,start,process,process,"process_started","pilot-agent"
"2023-06-27 06:12:52","/usr/local/bin/pilot-agent","/usr/local/bin/pilot-agent, proxy, sidecar, --domain, default.svc.cluster.local, --proxyLogLevel=warning, --proxyComponentLogLevel=misc:error, --log_output_level=default:info, --concurrency, 2","Process pilot-agent (PID: 6615) STARTED",default,v1,reviews,start,process,process,"process_started","pilot-agent"
"2023-06-27 06:12:52","/usr/bin/containerd-shim-runc-v2","/usr/bin/containerd-shim-runc-v2, -namespace, moby, -id, 5db17cfc324a875cc7a05d22a718f21008cc8339672e05385b8e87bde345ecdd, -address, /var/run/desktop-containerd/containerd.sock","Process containerd-shim (PID: 6523) by user root STARTED",default,v1,reviews,start,process,process,"process_started","containerd-shim"
"2023-06-27 06:12:52","/usr/bin/runc","runc, --root, /var/run/docker/runtime-runc/moby, --log, /var/run/desktop-containerd/daemon/io.containerd.runtime.v2.task/moby/a4d5c24210ab584849f311e546137e802764cb4611dd9862f0b6cd6ff64ed0ad/log.json, --log-format, json, create, --bundle, /var/run/desktop-containerd/daemon/io.containerd.runtime.v2.task/moby/a4d5c24210ab584849f311e546137e802764cb4611dd9862f0b6cd6ff64ed0ad, --pid-file, /var/run/desktop-containerd/daemon/io.containerd.runtime.v2.task/moby/a4d5c24210ab584849f311e546137e802764cb4611dd9862f0b6cd6ff64ed0ad/init.pid, a4d5c24210ab584849f311e546137e802764cb4611dd9862f0b6cd6ff64ed0ad","Process runc (PID: 6269) by user root STOPPED",default,v1,reviews,end,process,process,"process_stopped",runc
"2023-06-27 06:12:46","/usr/bin/containerd-shim-runc-v2","/usr/bin/containerd-shim-runc-v2, -namespace, moby, -id, 5d2e96eb50cf36587aae900d90edbf6c978a0e49622e1b0eb10aa01605afa1c2, -address, /var/run/desktop-containerd/containerd.sock","Process containerd-shim (PID: 4466) by user root STARTED",default,v2,reviews,start,process,process,"process_started","containerd-shim"
"2023-06-27 06:12:46","/usr/bin/runc","runc, --root, /var/run/docker/runtime-runc/moby, --log, /var/run/desktop-containerd/daemon/io.containerd.runtime.v2.task/moby/1f12ea44b98abc6b84d7e96e152ed1f438c5001c6a9eb1c8c14580ec455bb608/log.json, --log-format, json, create, --bundle, /var/run/desktop-containerd/daemon/io.containerd.runtime.v2.task/moby/1f12ea44b98abc6b84d7e96e152ed1f438c5001c6a9eb1c8c14580ec455bb608, --pid-file, /var/run/desktop-containerd/daemon/io.containerd.runtime.v2.task/moby/1f12ea44b98abc6b84d7e96e152ed1f438c5001c6a9eb1c8c14580ec455bb608/init.pid, 1f12ea44b98abc6b84d7e96e152ed1f438c5001c6a9eb1c8c14580ec455bb608","ERROR for PID 4482: failed to get namespaces for /usr/bin/runc PID 4482: stat /proc/4482/ns/mnt: no such file or directory",default,v2,reviews,info,process,process,"process_error",runc
"2023-06-27 06:12:46","/usr/local/bin/nsexec","/usr/local/bin/nsexec, -n, /proc/9017/ns/net, --, tc, qdisc","ERROR for PID 4666: failed to get namespaces for /usr/local/bin/nsexec PID 4666: stat /proc/4666/ns/mnt: no such file or directory",default,v2,reviews,info,process,process,"process_error",nsexec
"2023-06-27 06:12:46","/usr/bin/containerd-shim-runc-v2","/usr/bin/containerd-shim-runc-v2, -namespace, moby, -id, 1f12ea44b98abc6b84d7e96e152ed1f438c5001c6a9eb1c8c14580ec455bb608, -address, /var/run/desktop-containerd/containerd.sock","Process containerd-shim (PID: 4452) by user root STARTED",default,v2,reviews,start,process,process,"process_started","containerd-shim"
"2023-06-27 06:12:46","/","runc, init","Process runc:[2:INIT] (PID: 4532) by user root STARTED",default,v2,reviews,start,process,process,"process_started","runc:[2:INIT]"
"2023-06-27 06:12:46","/usr/local/bin/pilot-agent","/usr/local/bin/pilot-agent, istio-iptables, -p, 15001, -z, 15006, -u, 1337, -m, REDIRECT, -i, *, -x, (empty), -b, *, -d, 15090,15021,15020, --log_output_level=default:info","ERROR for PID 4554: failed to get namespaces for /usr/local/bin/pilot-agent PID 4554: stat /proc/4554/ns/mnt: no such file or directory",default,v2,reviews,info,process,process,"process_error","pilot-agent"
"2023-06-27 06:12:46","/usr/bin/runc","runc, --root, /var/run/docker/runtime-runc/moby, --log, /var/run/desktop-containerd/daemon/io.containerd.runtime.v2.task/moby/f9514a13e4908757a4b620ea59016b44878813b22b178531adfdfb77dc6df3d9/log.json, --log-format, json, create, --bundle, /var/run/desktop-containerd/daemon/io.containerd.runtime.v2.task/moby/f9514a13e4908757a4b620ea59016b44878813b22b178531adfdfb77dc6df3d9, --pid-file, /var/run/desktop-containerd/daemon/io.containerd.runtime.v2.task/moby/f9514a13e4908757a4b620ea59016b44878813b22b178531adfdfb77dc6df3d9/init.pid, f9514a13e4908757a4b620ea59016b44878813b22b178531adfdfb77dc6df3d9","Process runc (PID: 4343) by user root STOPPED",default,v2,reviews,end,process,process,"process_stopped",runc
"2023-06-27 06:12:46","/usr/bin/dockerd","libnetwork-setkey, -exec-root=/var/run/docker, ce98854feeb80476c42b093e6dc9e945d51d6a656944ab4b4ecd2ba819dc2299, bffd31080bab","Process exe (PID: 4377) by user root STOPPED",default,v2,reviews,end,process,process,"process_stopped",exe
"2023-06-27 06:12:46","/usr/bin/dockerd","libnetwork-setkey, -exec-root=/var/run/docker, f9514a13e4908757a4b620ea59016b44878813b22b178531adfdfb77dc6df3d9, bffd31080bab","Process exe (PID: 4412) by user root STOPPED",default,v2,reviews,end,process,process,"process_stopped",exe
"2023-06-27 06:12:46","/usr/bin/runc","runc, --root, /var/run/docker/runtime-runc/moby, --log, /var/run/desktop-containerd/daemon/io.containerd.runtime.v2.task/moby/ce98854feeb80476c42b093e6dc9e945d51d6a656944ab4b4ecd2ba819dc2299/log.json, --log-format, json, create, --bundle, /var/run/desktop-containerd/daemon/io.containerd.runtime.v2.task/moby/ce98854feeb80476c42b093e6dc9e945d51d6a656944ab4b4ecd2ba819dc2299, --pid-file, /var/run/desktop-containerd/daemon/io.containerd.runtime.v2.task/moby/ce98854feeb80476c42b093e6dc9e945d51d6a656944ab4b4ecd2ba819dc2299/init.pid, ce98854feeb80476c42b093e6dc9e945d51d6a656944ab4b4ecd2ba819dc2299","Process runc (PID: 4297) by user root STOPPED",default,v2,reviews,end,process,process,"process_stopped",runc
"2023-06-27 06:12:27","/usr/bin/runc","runc, --version","ERROR for PID 953: failed to get namespaces for /usr/bin/runc PID 953: stat /proc/953/ns/mnt: no such file or directory",default,v1,details,info,process,process,"process_error",runc
"2023-06-27 06:11:54","/usr/bin/containerd-shim-runc-v2","/usr/bin/containerd-shim-runc-v2, -namespace, moby, -id, be7b937b13eca8ac444d6a1d9367530960515f84db297ac91c38320936265452, -address, /var/run/desktop-containerd/containerd.sock","Process containerd-shim (PID: 91592) by user root STOPPED",default,v1,ratings,end,process,process,"process_stopped","containerd-shim"
"2023-06-27 06:11:54","/","runc, init","Process runc:[2:INIT] (PID: 91647) by user root STOPPED",default,v1,ratings,end,process,process,"process_stopped","runc:[2:INIT]"
"2023-06-27 06:11:54","/usr/bin/containerd-shim-runc-v2","/usr/bin/containerd-shim-runc-v2, -namespace, moby, -id, 8bdbbe97ca866a860532903f47cf935936df7ce785c6af23b1f04214b86d1769, -address, /var/run/desktop-containerd/containerd.sock","Process containerd-shim (PID: 91669) by user root STOPPED",default,v1,ratings,end,process,process,"process_stopped","containerd-shim"
"2023-06-27 06:11:54","/","runc, init","Process runc:[2:INIT] (PID: 91748) by user root STOPPED",default,v1,ratings,end,process,process,"process_stopped","runc:[2:INIT]"
"2023-06-27 06:11:51","/usr/bin/containerd-shim-runc-v2","/usr/bin/containerd-shim-runc-v2, -namespace, moby, -id, ad3819e66de5f0dd05e7f15eceff71dbd9f9fefda6fbcf6ed57d6a0cc5b98688, -address, /var/run/desktop-containerd/containerd.sock","Process containerd-shim (PID: 93662) by user root STARTED",default,v1,details,start,process,process,"process_started","containerd-shim"
"2023-06-27 06:11:51","/usr/local/bin/pilot-agent","/usr/local/bin/pilot-agent, istio-iptables, -p, 15001, -z, 15006, -u, 1337, -m, REDIRECT, -i, *, -x, (empty), -b, *, -d, 15090,15021,15020, --log_output_level=default:info","Process pilot-agent (PID: 93739) by user root STARTED",default,v1,details,start,process,process,"process_started","pilot-agent"
"2023-06-27 06:11:51","/usr/bin/containerd-shim-runc-v2","/usr/bin/containerd-shim-runc-v2, -namespace, moby, -id, 00e198f5d33f2f165ce1e80de882b488646f0ed29ca1ee48210a19d28829862b, -address, /var/run/desktop-containerd/containerd.sock","Process containerd-shim (PID: 93702) by user root STARTED",default,v1,details,start,process,process,"process_started","containerd-shim"
"2023-06-27 06:11:51","/usr/local/bin/pilot-agent","/usr/local/bin/pilot-agent, istio-iptables, -p, 15001, -z, 15006, -u, 1337, -m, REDIRECT, -i, *, -x, (empty), -b, *, -d, 15090,15021,15020, --log_output_level=default:info","Process pilot-agent (PID: 93772) by user root STARTED",default,v1,details,start,process,process,"process_started","pilot-agent"
"2023-06-27 06:11:50","/usr/bin/runc","runc, --root, /var/run/docker/runtime-runc/moby, --log, /var/run/desktop-containerd/daemon/io.containerd.runtime.v2.task/moby/8bdbbe97ca866a860532903f47cf935936df7ce785c6af23b1f04214b86d1769/log.json, --log-format, json, create, --bundle, /var/run/desktop-containerd/daemon/io.containerd.runtime.v2.task/moby/8bdbbe97ca866a860532903f47cf935936df7ce785c6af23b1f04214b86d1769, --pid-file, /var/run/desktop-containerd/daemon/io.containerd.runtime.v2.task/moby/8bdbbe97ca866a860532903f47cf935936df7ce785c6af23b1f04214b86d1769/init.pid, 8bdbbe97ca866a860532903f47cf935936df7ce785c6af23b1f04214b86d1769","Process runc (PID: 91679) by user root STOPPED",default,v1,details,end,process,process,"process_stopped",runc
